c_id:gd173yk	3_first_sessions:[5, 6, 7]	3_last_sessions:[26, 25, 24]	3_first_HSCL:[2.0, 2.0, 2.0]	3_last_HSCL:[2.55, 2.27, 2.45]	3_first_HSCL_avg:2.0	3_last_HSCL_avg:2.42	all_HSCL:[2.0, 2.0, 2.0, 1.727272727, 1.636363636, 2.090909091, 1.909090909, 1.545454545, 1.727272727, 2.0, 2.272727273, 2.181818182, 2.181818182, 2.363636364, 2.727272727, 2.272727273, 2.454545455, 2.272727273, 2.545454545]	dyad:N/A
c_id:ec185nh	3_first_sessions:[2, 3, 4]	3_last_sessions:[20, 13, 12]	3_first_HSCL:[2.91, 3.27, 2.45]	3_last_HSCL:[2.18, 2.27, 2.45]	3_first_HSCL_avg:2.88	3_last_HSCL_avg:2.3	all_HSCL:[2.909090909, 3.272727273, 2.454545455, 1.727272727, 1.545454545, 1.909090909, 3.090909091, 2.090909091, 2.454545455, 2.272727273, 2.181818182]	dyad:N/A
c_id:pb304og	3_first_sessions:[2, 3, 4]	3_last_sessions:[29, 28, 27]	3_first_HSCL:[1.91, 2.09, 2.0]	3_last_HSCL:[1.73, 1.55, 1.55]	3_first_HSCL_avg:2.0	3_last_HSCL_avg:1.61	all_HSCL:[1.909090909, 2.090909091, 2.0, 2.090909091, 2.090909091, 1.727272727, 2.0, 2.090909091, 2.363636364, 2.090909091, 2.0, 2.363636364, 2.181818182, 1.818181818, 2.181818182, 2.0, 1.909090909, 1.727272727, 1.909090909, 2.0, 1.909090909, 1.909090909, 1.727272727, 1.545454545, 1.545454545, 1.727272727]	dyad:א
c_id:mg447az	3_first_sessions:[3, 4, 5]	3_last_sessions:[5, 4, 3]	3_first_HSCL:[2.55, 1.36, 1.64]	3_last_HSCL:[1.64, 1.36, 2.55]	3_first_HSCL_avg:1.85	3_last_HSCL_avg:1.85	all_HSCL:[2.545454545, 1.363636364, 1.636363636]	dyad:N/A
c_id:db470iv	3_first_sessions:[2, 3, 4]	3_last_sessions:[21, 20, 19]	3_first_HSCL:[1.73, 1.82, 1.82]	3_last_HSCL:[1.73, 1.82, 1.82]	3_first_HSCL_avg:1.79	3_last_HSCL_avg:1.79	all_HSCL:[1.727272727, 1.818181818, 1.818181818, 1.818181818, 1.818181818, 1.818181818, 1.818181818, 1.818181818, 1.818181818, 1.818181818, 1.909090909, 1.909090909, 1.909090909, 1.909090909, 1.909090909, 1.909090909, 1.818181818, 1.818181818, 1.818181818, 1.727272727]	dyad:N/A
c_id:es631zv	3_first_sessions:[19, 20, 21]	3_last_sessions:[52, 51, 50]	3_first_HSCL:[1.64, 1.55, 1.73]	3_last_HSCL:[1.73, 1.64, 1.64]	3_first_HSCL_avg:1.64	3_last_HSCL_avg:1.67	all_HSCL:[1.6363636, 1.5454545, 1.7272727, 1.7272727, 1.7272727, 1.8181818, 1.6363636, 1.6363636, 1.6363636, 1.6363636, 1.6363636, 1.7272727, 1.6363636, 1.6363636, 1.4545455, 1.5454545, 1.6363636, 1.7272727, nan, 1.6363636, 1.8181818, 1.5454545, 1.9090909, 1.7272727, nan, 1.4545455, 1.5454545, 1.6363636, 1.6363636, 1.7272727, 1.5454545, 1.6363636, 1.6363636, 1.7272727]	dyad:N/A
c_id:sp817na	3_first_sessions:[2, 3, 4]	3_last_sessions:[28, 27, 26]	3_first_HSCL:[1.45, 1.36, 1.73]	3_last_HSCL:[1.0, 1.55, 1.27]	3_first_HSCL_avg:1.52	3_last_HSCL_avg:1.27	all_HSCL:[1.454545455, 1.363636364, 1.727272727, 1.818181818, 1.454545455, 1.454545455, 1.363636364, 1.454545455, 1.272727273, 1.363636364, 1.636363636, 2.272727273, 1.181818182, 1.0, 1.727272727, 1.636363636, 1.454545455, 1.727272727, 1.545454545, 1.272727273, 1.545454545, 1.454545455, 1.0, 1.0, 1.272727273, 1.545454545, 1.0]	dyad:ב
c_id:ss909tl	3_first_sessions:[2, 3, 4]	3_last_sessions:[29, 28, 27]	3_first_HSCL:[1.73, 1.36, 1.64]	3_last_HSCL:[1.09, 1.27, 1.27]	3_first_HSCL_avg:1.58	3_last_HSCL_avg:1.21	all_HSCL:[1.727272727, 1.363636364, 1.636363636, 1.363636364, 1.181818182, 1.363636364, 1.272727273, 1.363636364, 1.272727273, 1.181818182, 1.272727273, 1.181818182, 1.181818182, 1.363636364, 1.090909091, 1.181818182, 1.272727273, 1.272727273, 1.181818182, 1.090909091, 1.090909091, 1.090909091, 1.272727273, 1.272727273, 1.090909091]	dyad:N/A
c_id:as959es	3_first_sessions:[2, 3, 4]	3_last_sessions:[16, 15, 14]	3_first_HSCL:[1.45, 1.36, 1.45]	3_last_HSCL:[1.0, 1.09, 1.09]	3_first_HSCL_avg:1.42	3_last_HSCL_avg:1.06	all_HSCL:[1.454545455, 1.363636364, 1.454545455, 1.0, 1.090909091, 2.181818182, 1.909090909, 1.090909091, 1.363636364, 1.090909091, 1.272727273, 1.545454545, 1.090909091, 1.090909091, 1.0]	dyad:N/A
c_id:iw976mh	3_first_sessions:[2, 3, 4]	3_last_sessions:[16, 15, 14]	3_first_HSCL:[2.55, 2.18, 2.55]	3_last_HSCL:[2.82, 3.0, 2.82]	3_first_HSCL_avg:2.42	3_last_HSCL_avg:2.88	all_HSCL:[2.545454545, 2.181818182, 2.545454545, 2.636363636, 2.181818182, 2.181818182, 2.272727273, 1.909090909, 2.636363636, 2.818181818, 2.818181818, 2.818181818, 3.0, 2.818181818]	dyad:N/A
c_id:rz1102ys	3_first_sessions:[3, 4, 5]	3_last_sessions:[31, 30, 29]	3_first_HSCL:[1.64, 1.64, 1.73]	3_last_HSCL:[1.91, 2.73, 2.09]	3_first_HSCL_avg:1.67	3_last_HSCL_avg:2.24	all_HSCL:[1.636363636, 1.636363636, 1.727272727, 1.727272727, 1.454545455, 1.454545455, 1.636363636, 1.454545455, 1.545454545, 1.636363636, 1.545454545, 1.636363636, 1.454545455, 1.636363636, 1.636363636, 1.818181818, 1.545454545, 1.636363636, 1.545454545, 1.545454545, 1.454545455, 1.545454545, 1.818181818, 1.818181818, 1.909090909, 2.090909091, 2.727272727, 1.909090909]	dyad:N/A
c_id:ef1239dl	3_first_sessions:[2, 3, 4]	3_last_sessions:[33, 32, 31]	3_first_HSCL:[1.91, 1.73, 2.18]	3_last_HSCL:[1.55, 1.45, 1.09]	3_first_HSCL_avg:1.94	3_last_HSCL_avg:1.36	all_HSCL:[1.909090909, 1.727272727, 2.181818182, 1.818181818, 2.363636364, 1.818181818, 1.636363636, 1.636363636, 1.545454545, 1.636363636, 1.545454545, 1.818181818, 1.727272727, 1.636363636, 1.818181818, 1.818181818, 1.727272727, 1.545454545, 1.636363636, 1.545454545, 1.727272727, 1.545454545, 1.363636364, 1.181818182, 1.363636364, 1.545454545, 1.545454545, 1.181818182, 1.0, 1.090909091, 1.454545455, 1.545454545]	dyad:N/A
c_id:uo1247rt	3_first_sessions:[3, 4, 5]	3_last_sessions:[31, 30, 29]	3_first_HSCL:[2.36, 2.0, 1.91]	3_last_HSCL:[2.27, 2.09, 2.45]	3_first_HSCL_avg:2.09	3_last_HSCL_avg:2.27	all_HSCL:[2.363636364, 2.0, 1.909090909, 1.636363636, 2.272727273, 1.909090909, 2.0, 1.818181818, 1.818181818, 2.545454545, 2.181818182, 1.909090909, 1.909090909, 2.363636364, 1.909090909, 2.090909091, 1.636363636, 2.545454545, 2.545454545, 2.181818182, 2.454545455, 1.909090909, 1.727272727, 2.636363636, 2.727272727, 2.181818182, 2.454545455, 2.090909091, 2.272727273]	dyad:ג
c_id:de1262rb	3_first_sessions:[2, 3, 4]	3_last_sessions:[29, 28, 27]	3_first_HSCL:[1.91, 1.64, 1.64]	3_last_HSCL:[1.27, 1.45, 1.64]	3_first_HSCL_avg:1.73	3_last_HSCL_avg:1.45	all_HSCL:[1.909090909, 1.636363636, 1.636363636, 1.454545455, 1.181818182, 1.272727273, 1.727272727, 1.727272727, 1.363636364, 1.818181818, 1.272727273, 1.181818182, 1.0, 1.272727273, 1.363636364, 1.363636364, 1.363636364, 1.727272727, 1.454545455, 1.454545455, 1.454545455, 1.636363636, 1.363636364, 1.727272727, 1.727272727, 1.636363636, 1.454545455, 1.272727273]	dyad:N/A
c_id:ac1343dn	3_first_sessions:[2, 3, 4]	3_last_sessions:[31, 30, 29]	3_first_HSCL:[1.36, 1.45, 1.64]	3_last_HSCL:[1.27, 1.18, 1.36]	3_first_HSCL_avg:1.48	3_last_HSCL_avg:1.27	all_HSCL:[1.363636364, 1.454545455, 1.636363636, 1.636363636, 1.818181818, 1.363636364, 1.636363636, 1.363636364, 1.363636364, 1.363636364, 1.727272727, 1.454545455, 1.545454545, 1.363636364, 1.272727273, 1.545454545, 1.363636364, 1.818181818, 1.272727273, 1.181818182, 1.454545455, 2.0, 1.545454545, 1.545454545, 1.363636364, 1.363636364, 1.727272727, 1.363636364, 1.181818182, 1.272727273]	dyad:ד
c_id:od1377af	3_first_sessions:[2, 3, 4]	3_last_sessions:[7, 5, 4]	3_first_HSCL:[2.36, 1.82, 2.36]	3_last_HSCL:[2.18, 2.55, 2.36]	3_first_HSCL_avg:2.18	3_last_HSCL_avg:2.36	all_HSCL:[2.363636364, 1.818181818, 2.363636364, 2.545454545, 2.181818182]	dyad:N/A
c_id:bk1539mn	3_first_sessions:[5, 6, 7]	3_last_sessions:[10, 9, 8]	3_first_HSCL:[1.18, 1.45, 1.73]	3_last_HSCL:[1.82, 1.91, 1.27]	3_first_HSCL_avg:1.45	3_last_HSCL_avg:1.67	all_HSCL:[1.181818182, 1.454545455, 1.727272727, 1.272727273, 1.909090909, 1.818181818]	dyad:N/A
c_id:ar1630af	3_first_sessions:[2, 3, 4]	3_last_sessions:[19, 18, 17]	3_first_HSCL:[2.09, 1.73, 1.64]	3_last_HSCL:[1.45, 1.55, 1.55]	3_first_HSCL_avg:1.82	3_last_HSCL_avg:1.52	all_HSCL:[2.090909091, 1.727272727, 1.636363636, 1.545454545, 1.909090909, 1.545454545, 1.636363636, 1.818181818, 1.454545455, 1.727272727, 1.636363636, 1.727272727, 1.454545455, 1.727272727, 1.545454545, 1.545454545, 1.454545455]	dyad:N/A
c_id:zl1797ts	3_first_sessions:[2, 3, 4]	3_last_sessions:[9, 8, 7]	3_first_HSCL:[1.55, 1.64, 2.0]	3_last_HSCL:[2.27, 2.27, 2.18]	3_first_HSCL_avg:1.73	3_last_HSCL_avg:2.24	all_HSCL:[1.545454545, 1.636363636, 2.0, 1.909090909, 1.909090909, 2.181818182, 2.272727273, 2.272727273]	dyad:N/A
c_id:ar1849sb	3_first_sessions:[3, 4, 5]	3_last_sessions:[8, 7, 6]	3_first_HSCL:[1.64, 1.36, 1.55]	3_last_HSCL:[1.64, 1.64, 1.27]	3_first_HSCL_avg:1.52	3_last_HSCL_avg:1.52	all_HSCL:[1.636363636, 1.363636364, 1.545454545, 1.272727273, 1.636363636, 1.636363636]	dyad:N/A
c_id:ad1880ad	3_first_sessions:[2, 3, 4]	3_last_sessions:[30, 29, 28]	3_first_HSCL:[3.09, 2.36, 2.64]	3_last_HSCL:[3.73, 3.27, 3.0]	3_first_HSCL_avg:2.7	3_last_HSCL_avg:3.33	all_HSCL:[3.090909091, 2.363636364, 2.636363636, 3.0, 2.909090909, 3.363636364, 2.909090909, 3.363636364, 1.909090909, 3.454545455, 3.636363636, 3.545454545, 3.090909091, 2.727272727, 2.636363636, 2.636363636, 2.363636364, 2.545454545, 3.181818182, 3.181818182, 3.363636364, 2.636363636, 2.818181818, 3.090909091, 3.0, 3.272727273, 3.727272727]	dyad:יא
c_id:ia1895al	3_first_sessions:[2, 3, 4]	3_last_sessions:[36, 35, 34]	3_first_HSCL:[1.91, 2.09, 2.73]	3_last_HSCL:[2.45, 2.45, 2.45]	3_first_HSCL_avg:2.24	3_last_HSCL_avg:2.45	all_HSCL:[1.909090909, 2.090909091, 2.727272727, 2.545454545, 2.636363636, 3.818181818, 2.454545455, 2.727272727, 2.181818182, 1.909090909, 2.545454545, 2.636363636, 1.818181818, 2.0, 1.909090909, 2.090909091, 1.909090909, 2.181818182, 2.0, 2.0, 2.363636364, 2.090909091, 2.181818182, 2.545454545, 2.727272727, 2.636363636, 3.181818182, 3.363636364, 2.545454545, 2.454545455, 2.454545455, 2.454545455]	dyad:N/A
c_id:tm1901bl	3_first_sessions:[2, 3, 4]	3_last_sessions:[32, 31, 30]	3_first_HSCL:[1.64, 1.64, 1.73]	3_last_HSCL:[1.55, 1.64, 1.09]	3_first_HSCL_avg:1.67	3_last_HSCL_avg:1.42	all_HSCL:[1.636363636, 1.636363636, 1.727272727, 1.909090909, 1.181818182, 1.0, 2.181818182, 1.818181818, 2.181818182, 2.454545455, 2.363636364, 1.909090909, 1.363636364, 1.909090909, 1.909090909, 2.363636364, 1.545454545, 2.090909091, 2.363636364, 2.272727273, 2.090909091, 2.545454545, 1.363636364, 1.818181818, 1.818181818, 1.272727273, 1.818181818, 1.454545455, 1.090909091, 1.636363636, 1.545454545]	dyad:צ
c_id:yw2051sb	3_first_sessions:[2, 3, 4]	3_last_sessions:[7, 6, 5]	3_first_HSCL:[1.09, 1.09, 1.09]	3_last_HSCL:[1.18, 1.18, 1.27]	3_first_HSCL_avg:1.09	3_last_HSCL_avg:1.21	all_HSCL:[1.090909091, 1.090909091, 1.090909091, 1.272727273, 1.181818182, 1.181818182]	dyad:N/A
c_id:mm2056st	3_first_sessions:[23, 24, 25]	3_last_sessions:[53, 52, 51]	3_first_HSCL:[1.73, 2.0, 2.0]	3_last_HSCL:[2.0, 2.0, 2.0]	3_first_HSCL_avg:1.91	3_last_HSCL_avg:2.0	all_HSCL:[1.727272727, 2.0, 2.0, 2.0, 2.0, 2.0, 2.0, 2.0, 2.0, 2.0, 2.0, 3.0, 2.0, 2.0, 2.0, 2.0, 2.0, 2.0, 2.0, 2.0, 2.0, 2.0, 3.0, 3.0, 2.0, 2.0, 2.0, 2.0, 2.0]	dyad:N/A
c_id:nh2058er	3_first_sessions:[2, 3, 4]	3_last_sessions:[10, 9, 8]	3_first_HSCL:[1.45, 1.45, 1.36]	3_last_HSCL:[1.27, 1.27, 1.09]	3_first_HSCL_avg:1.42	3_last_HSCL_avg:1.21	all_HSCL:[1.454545455, 1.454545455, 1.363636364, 1.636363636, 1.272727273, 1.545454545, 1.090909091, 1.272727273, 1.272727273]	dyad:N/A
c_id:oa2112tz	3_first_sessions:[2, 3, 4]	3_last_sessions:[43, 42, 41]	3_first_HSCL:[1.91, 2.18, 1.27]	3_last_HSCL:[3.0, 2.27, 3.64]	3_first_HSCL_avg:1.79	3_last_HSCL_avg:2.97	all_HSCL:[1.909090909, 2.181818182, 1.272727273, 1.818181818, 1.545454545, 2.0, 2.636363636, 3.0, 2.727272727, 3.454545455, 2.909090909, 2.363636364, 3.363636364, 3.0, 4.0, 4.0, 3.818181818, 3.454545455, 2.636363636, 1.818181818, 2.090909091, 2.090909091, 3.272727273, 2.272727273, 2.181818182, 3.0, 2.0, 2.0, 2.909090909, 2.181818182, 1.454545455, 2.818181818, 2.818181818, 3.363636364, 2.636363636, 1.909090909, 2.272727273, 3.363636364, 3.636363636, 2.272727273, 3.0]	dyad:ה
c_id:pl2123sc	3_first_sessions:[1, 2, 3]	3_last_sessions:[33, 32, 31]	3_first_HSCL:[nan, 1.55, 1.55]	3_last_HSCL:[1.27, 1.27, nan]	3_first_HSCL_avg:nan	3_last_HSCL_avg:nan	all_HSCL:[nan, 1.5454545, 1.5454545, 1.8181818, 1.9090909, 1.8181818, 1.4545455, 1.5454545, 2.0, nan, 1.4545455, 1.8181818, 1.1818182, 1.1818182, 1.3636364, 1.1818182, 1.1818182, nan, 1.1818182, 1.2727273, nan, 1.3636364, 1.0, 1.0909091, 1.2727273, nan, nan, nan, 2.0, nan, nan, 1.2727273, 1.2727273]	dyad:ו
c_id:nf2148rc	3_first_sessions:[2, 3, 4]	3_last_sessions:[25, 24, 23]	3_first_HSCL:[1.82, 2.09, 2.09]	3_last_HSCL:[2.27, 1.91, 1.73]	3_first_HSCL_avg:2.0	3_last_HSCL_avg:1.97	all_HSCL:[1.818181818, 2.090909091, 2.090909091, 1.909090909, 2.090909091, 2.272727273, 2.090909091, 2.0, 2.0, 2.0, 2.090909091, 2.090909091, 1.818181818, 1.727272727, 1.818181818, 1.727272727, 1.636363636, 1.454545455, 1.636363636, 1.909090909, 1.818181818, 1.727272727, 1.909090909, 2.272727273]	dyad:N/A
c_id:mf2207sb	3_first_sessions:[2, 3, 4]	3_last_sessions:[9, 8, 7]	3_first_HSCL:[1.55, 1.64, 1.73]	3_last_HSCL:[1.18, 1.0, 1.64]	3_first_HSCL_avg:1.64	3_last_HSCL_avg:1.27	all_HSCL:[1.545454545, 1.636363636, 1.727272727, 1.272727273, 1.727272727, 1.636363636, 1.0, 1.181818182]	dyad:N/A
c_id:av2361dn	3_first_sessions:[3, 4, 5]	3_last_sessions:[22, 21, 20]	3_first_HSCL:[2.55, 2.27, 2.55]	3_last_HSCL:[1.82, 1.64, 1.82]	3_first_HSCL_avg:2.45	3_last_HSCL_avg:1.76	all_HSCL:[2.545454545, 2.272727273, 2.545454545, 1.909090909, 2.0, 2.545454545, 2.363636364, 1.909090909, 2.0, 2.181818182, 2.181818182, 1.818181818, 2.272727273, 2.454545455, 2.727272727, 1.363636364, 1.727272727, 1.818181818, 1.636363636, 1.818181818]	dyad:לב
c_id:sa2486ah	3_first_sessions:[2, 3, 4]	3_last_sessions:[29, 28, 27]	3_first_HSCL:[2.18, 1.91, 1.82]	3_last_HSCL:[1.82, 1.55, 2.0]	3_first_HSCL_avg:1.97	3_last_HSCL_avg:1.79	all_HSCL:[2.181818182, 1.909090909, 1.818181818, 1.727272727, 1.909090909, 1.909090909, 2.0, 1.818181818, 1.909090909, 1.727272727, 1.909090909, 1.818181818, 2.090909091, 2.0, 2.0, 2.090909091, 1.818181818, 1.636363636, 1.909090909, 1.909090909, 1.909090909, 1.818181818, 2.0, 1.545454545, 1.818181818]	dyad:N/A
c_id:mm2526ma	3_first_sessions:[3, 5, 6]	3_last_sessions:[11, 10, 9]	3_first_HSCL:[3.36, 3.36, 2.09]	3_last_HSCL:[2.55, 3.27, 2.27]	3_first_HSCL_avg:2.94	3_last_HSCL_avg:2.7	all_HSCL:[3.363636364, 3.363636364, 2.090909091, 2.363636364, 3.0, 2.272727273, 3.272727273, 2.545454545]	dyad:N/A
c_id:sy2582nb	3_first_sessions:[3, 4, 5]	3_last_sessions:[22, 21, 20]	3_first_HSCL:[2.64, 2.18, 1.82]	3_last_HSCL:[1.18, 1.36, 1.36]	3_first_HSCL_avg:2.21	3_last_HSCL_avg:1.3	all_HSCL:[2.636363636, 2.181818182, 1.818181818, 1.545454545, 1.909090909, 1.727272727, 1.636363636, 1.272727273, 1.909090909, 1.272727273, 1.454545455, 2.0, 1.454545455, 1.909090909, 2.0, 2.0, 1.363636364, 1.363636364, 1.363636364, 1.181818182]	dyad:טז
c_id:mm2584ar	3_first_sessions:[2, 3, 4]	3_last_sessions:[25, 24, 23]	3_first_HSCL:[2.18, 2.27, 2.45]	3_last_HSCL:[1.91, 2.0, 1.91]	3_first_HSCL_avg:2.3	3_last_HSCL_avg:1.94	all_HSCL:[2.181818182, 2.272727273, 2.454545455, 2.090909091, 1.727272727, 1.818181818, 1.727272727, 1.727272727, 2.0, 2.181818182, 1.0, 1.636363636, 1.545454545, 1.545454545, 1.454545455, 2.636363636, 1.545454545, 1.909090909, 1.727272727, 2.090909091, 1.909090909, 1.909090909, 2.0, 1.909090909]	dyad:יב
c_id:yf2589nk	3_first_sessions:[4, 5, 6]	3_last_sessions:[27, 26, 25]	3_first_HSCL:[2.09, 2.0, 1.45]	3_last_HSCL:[2.45, 1.91, 1.64]	3_first_HSCL_avg:1.85	3_last_HSCL_avg:2.0	all_HSCL:[2.090909091, 2.0, 1.454545455, 1.727272727, 2.090909091, 1.818181818, 2.181818182, 1.818181818, 1.272727273, 1.363636364, 2.0, 2.181818182, 2.0, 1.454545455, 2.181818182, 1.545454545, 1.636363636, 1.454545455, 1.454545455, 1.363636364, 1.636363636, 1.909090909, 2.454545455]	dyad:ז
c_id:do2592sb	3_first_sessions:[2, 3, 4]	3_last_sessions:[27, 26, 25]	3_first_HSCL:[1.45, 1.36, 1.55]	3_last_HSCL:[1.45, 1.18, 1.09]	3_first_HSCL_avg:1.45	3_last_HSCL_avg:1.24	all_HSCL:[1.454545455, 1.363636364, 1.545454545, 1.363636364, 1.090909091, 1.0, 1.181818182, 1.181818182, 1.181818182, 1.636363636, 1.363636364, 1.272727273, 1.545454545, 1.454545455, 4.0, 1.454545455, 1.636363636, 1.181818182, 1.363636364, 1.545454545, 1.272727273, 1.090909091, 1.181818182, 1.454545455]	dyad:N/A
c_id:en2609lg	3_first_sessions:[8, 9, 10]	3_last_sessions:[49, 48, 47]	3_first_HSCL:[1.0, 1.0, 1.0]	3_last_HSCL:[1.0, 1.09, 1.0]	3_first_HSCL_avg:1.0	3_last_HSCL_avg:1.03	all_HSCL:[1.0, 1.0, 1.0, 1.272727273, 1.181818182, 1.363636364, 1.0, 1.0, 1.181818182, 1.0, 1.0, 1.090909091, 1.0, 1.090909091, 1.0, 1.0, 1.0, 1.0, 1.0, 1.0, 1.181818182, 1.0, 1.0, 1.0, 1.090909091, 1.0, 1.0, 1.0, 1.0, 1.0, 1.0, 1.0, 1.0, 1.0, 1.0, 1.0, 1.0, 1.090909091, 1.0]	dyad:כז
c_id:lt2958al	3_first_sessions:[2, 3, 4]	3_last_sessions:[14, 10, 9]	3_first_HSCL:[2.55, 3.0, 1.0]	3_last_HSCL:[3.73, 3.64, 3.82]	3_first_HSCL_avg:2.18	3_last_HSCL_avg:3.73	all_HSCL:[2.545454545, 3.0, 1.0, 3.272727273, 2.636363636, 3.454545455, 3.818181818, 3.636363636, 3.727272727]	dyad:N/A
c_id:sg2994te	3_first_sessions:[1, 2, 3]	3_last_sessions:[34, 33, 32]	3_first_HSCL:[nan, 1.09, 1.36]	3_last_HSCL:[1.09, 1.09, 1.09]	3_first_HSCL_avg:nan	3_last_HSCL_avg:1.09	all_HSCL:[nan, 1.0909091, 1.3636364, 1.2727273, 1.4545455, 1.3636364, 1.1818182, 1.0909091, 1.1818182, 1.1818182, 1.2727273, 1.1818182, 1.2727273, 1.0909091, 1.2727273, 1.0, 1.1818182, 1.1818182, 1.1818182, 1.1818182, 1.0909091, 1.0, 1.1818182, 1.0, 1.0909091, 1.0, 1.1818182, 1.1818182, 1.0909091, 1.0909091, 1.1818182, 1.0909091, 1.0909091, 1.0909091]	dyad:ח
c_id:ym3058sr	3_first_sessions:[7, 8, 9]	3_last_sessions:[23, 22, 21]	3_first_HSCL:[1.73, 1.73, 1.82]	3_last_HSCL:[1.73, 1.73, 1.82]	3_first_HSCL_avg:1.76	3_last_HSCL_avg:1.76	all_HSCL:[1.727272727, 1.727272727, 1.818181818, 1.727272727, 1.727272727, 1.727272727, 1.727272727, 1.636363636, 1.636363636, 1.909090909, 1.636363636, 1.727272727, 1.909090909, 1.818181818, 1.818181818, 1.727272727, 1.727272727]	dyad:כב
c_id:mp3126sm	3_first_sessions:[2, 3, 4]	3_last_sessions:[17, 16, 15]	3_first_HSCL:[1.55, 1.45, 1.45]	3_last_HSCL:[1.73, 1.55, 1.64]	3_first_HSCL_avg:1.48	3_last_HSCL_avg:1.64	all_HSCL:[1.545454545, 1.454545455, 1.454545455, 1.545454545, 1.545454545, 1.909090909, 1.909090909, 1.909090909, 1.636363636, 1.818181818, 1.909090909, 1.818181818, 1.636363636, 1.636363636, 1.545454545, 1.727272727]	dyad:N/A
c_id:gm3174gl	3_first_sessions:[3, 4, 5]	3_last_sessions:[35, 34, 33]	3_first_HSCL:[3.0, 3.36, 3.18]	3_last_HSCL:[2.64, 2.64, 3.09]	3_first_HSCL_avg:3.18	3_last_HSCL_avg:2.79	all_HSCL:[3.0, 3.363636364, 3.181818182, 3.181818182, 3.090909091, 3.272727273, 2.909090909, 2.818181818, 2.727272727, 2.636363636, 2.909090909, 3.0, 3.181818182, 2.818181818, 2.727272727, 3.0, 2.727272727, 2.636363636, 2.636363636, 2.727272727, 2.818181818, 2.818181818, 3.181818182, 3.0, 3.181818182, 2.727272727, 3.0, 3.181818182, 3.181818182, 3.090909091, 2.636363636, 2.636363636]	dyad:N/A
c_id:eh3191if	3_first_sessions:[2, 3, 4]	3_last_sessions:[21, 20, 19]	3_first_HSCL:[1.45, 1.55, 1.55]	3_last_HSCL:[1.18, 1.18, 1.36]	3_first_HSCL_avg:1.52	3_last_HSCL_avg:1.24	all_HSCL:[1.454545455, 1.545454545, 1.545454545, 1.363636364, 1.454545455, 1.363636364, 1.454545455, 1.363636364, 1.363636364, 1.454545455, 1.272727273, 1.272727273, 1.272727273, 1.272727273, 1.272727273, 1.272727273, 1.181818182, 1.363636364, 1.181818182, 1.181818182]	dyad:N/A
c_id:zh3347if	3_first_sessions:[2, 4, 5]	3_last_sessions:[30, 29, 28]	3_first_HSCL:[2.36, 2.0, 1.91]	3_last_HSCL:[1.82, 1.82, 1.82]	3_first_HSCL_avg:2.09	3_last_HSCL_avg:1.82	all_HSCL:[2.363636364, 2.0, 1.909090909, 2.0, 1.909090909, 1.545454545, 1.727272727, 1.818181818, 1.909090909, 1.727272727, 2.454545455, 1.909090909, 1.636363636, 1.636363636, 1.727272727, 1.909090909, 1.909090909, 1.454545455, 1.818181818, 1.909090909, 1.909090909, 2.0, 1.818181818, 1.727272727, 1.818181818, 1.818181818, 1.818181818]	dyad:ק
c_id:ta3405sb	3_first_sessions:[1, 2, 3]	3_last_sessions:[25, 24, 23]	3_first_HSCL:[nan, 2.64, 2.55]	3_last_HSCL:[1.82, 2.0, 2.55]	3_first_HSCL_avg:nan	3_last_HSCL_avg:2.12	all_HSCL:[nan, 2.6363636, 2.5454545, 2.4545455, 2.4545455, 2.3636364, 2.2727273, 2.6363636, 2.4545455, 2.1818182, 2.0909091, 2.3636364, 2.1818182, 2.3636364, 2.4545455, 2.4545455, 2.2727273, 2.2727273, 2.1818182, 2.1818182, 2.2727273, 2.3636364, 2.5454545, 2.0, 1.8181818]	dyad:יד
c_id:rc3422nn	3_first_sessions:[2, 3, 4]	3_last_sessions:[20, 19, 17]	3_first_HSCL:[2.18, 2.18, 2.0]	3_last_HSCL:[1.91, 1.64, 1.73]	3_first_HSCL_avg:2.12	3_last_HSCL_avg:1.76	all_HSCL:[2.181818182, 2.181818182, 2.0, 2.272727273, 2.454545455, 2.090909091, 1.727272727, 1.727272727, 2.0, 1.818181818, 1.909090909, 2.0, 2.0, 1.727272727, 1.636363636, 1.909090909]	dyad:N/A
c_id:et3466ta	3_first_sessions:[2, 3, 4]	3_last_sessions:[26, 25, 24]	3_first_HSCL:[1.73, 1.91, 1.91]	3_last_HSCL:[1.82, 1.73, 1.73]	3_first_HSCL_avg:1.85	3_last_HSCL_avg:1.76	all_HSCL:[1.727272727, 1.909090909, 1.909090909, 1.818181818, 1.909090909, 1.727272727, 1.818181818, 1.727272727, 1.727272727, 1.818181818, 1.818181818, 1.909090909, 1.818181818, 1.727272727, 1.818181818, 1.818181818, 1.909090909, 1.818181818, 1.818181818, 1.818181818, 1.818181818, 1.636363636, 1.727272727, 1.727272727, 1.818181818]	dyad:ר
c_id:dt3537es	3_first_sessions:[2, 3, 4]	3_last_sessions:[23, 22, 21]	3_first_HSCL:[1.36, 1.18, 1.09]	3_last_HSCL:[1.09, 1.0, 1.0]	3_first_HSCL_avg:1.21	3_last_HSCL_avg:1.03	all_HSCL:[1.363636364, 1.181818182, 1.090909091, 1.181818182, 1.454545455, 1.545454545, 1.818181818, 1.454545455, 1.0, 1.0, 1.0, 1.0, 1.090909091, 1.0, 1.0, 1.0, 1.0, 1.0, 1.0, 1.090909091]	dyad:N/A
c_id:rc3771sn	3_first_sessions:[2, 3, 4]	3_last_sessions:[18, 17, 16]	3_first_HSCL:[2.27, 2.36, 1.45]	3_last_HSCL:[1.36, 1.45, 1.36]	3_first_HSCL_avg:2.03	3_last_HSCL_avg:1.39	all_HSCL:[2.272727273, 2.363636364, 1.454545455, 1.454545455, 1.545454545, 1.545454545, 1.454545455, 1.454545455, 1.363636364, 1.727272727, 1.636363636, 1.181818182, 1.727272727, 1.363636364, 1.454545455, 1.363636364]	dyad:N/A
c_id:gp3867nz	3_first_sessions:[31, 32, 33]	3_last_sessions:[60, 59, 58]	3_first_HSCL:[1.45, 1.45, 1.82]	3_last_HSCL:[2.09, 1.0, 1.91]	3_first_HSCL_avg:1.58	3_last_HSCL_avg:1.67	all_HSCL:[1.454545455, 1.454545455, 1.818181818, 2.0, 1.909090909, 1.909090909, 1.454545455, 1.636363636, 1.454545455, 1.636363636, 1.636363636, 1.454545455, 2.181818182, 2.090909091, 2.0, 1.818181818, 2.0, 1.454545455, 1.454545455, 1.636363636, 1.727272727, 1.909090909, 1.0, 1.636363636, 1.818181818, 1.909090909, 1.909090909, 1.909090909, 1.0, 2.090909091]	dyad:יג
c_id:ya4004lg	3_first_sessions:[3, 4, 6]	3_last_sessions:[38, 37, 36]	3_first_HSCL:[1.64, 1.64, 1.55]	3_last_HSCL:[2.0, 1.73, 1.82]	3_first_HSCL_avg:1.61	3_last_HSCL_avg:1.85	all_HSCL:[1.636363636, 1.636363636, 1.545454545, 2.0, 1.818181818, 1.909090909, 2.0, 2.545454545, 2.181818182, 2.636363636, 2.090909091, 2.545454545, 2.0, 2.0, 1.727272727, 1.727272727, 1.545454545, 1.363636364, 1.545454545, 1.818181818, 2.181818182, 2.363636364, 2.363636364, 1.909090909, 2.363636364, 2.363636364, 2.545454545, 2.363636364, 1.727272727, 1.818181818, 1.818181818, 1.727272727, 2.0]	dyad:N/A
c_id:ob4077ah	3_first_sessions:[2, 3, 4]	3_last_sessions:[26, 23, 22]	3_first_HSCL:[1.36, 1.27, 1.09]	3_last_HSCL:[1.82, 1.82, 1.91]	3_first_HSCL_avg:1.24	3_last_HSCL_avg:1.85	all_HSCL:[1.363636364, 1.272727273, 1.090909091, 1.363636364, 1.545454545, 1.363636364, 1.454545455, 1.909090909, 1.636363636, 1.545454545, 2.181818182, 2.272727273, 1.818181818, 1.636363636, 2.454545455, 1.909090909, 1.909090909, 1.818181818, 1.818181818]	dyad:N/A
c_id:sl4118mn	3_first_sessions:[1, 2, 3]	3_last_sessions:[26, 25, 24]	3_first_HSCL:[nan, nan, nan]	3_last_HSCL:[nan, nan, nan]	3_first_HSCL_avg:nan	3_last_HSCL_avg:nan	all_HSCL:[nan, nan, nan, 3.0, nan, 3.1818182, nan, nan, nan, nan, nan, nan, nan, nan, nan, nan, nan, nan, nan, nan, nan, nan, nan, nan, nan, nan]	dyad:ט
c_id:ss4160sg	3_first_sessions:[1, 2, 3]	3_last_sessions:[7, 6, 5]	3_first_HSCL:[1.36, 1.36, 1.55]	3_last_HSCL:[1.0, 1.0, 1.0]	3_first_HSCL_avg:1.42	3_last_HSCL_avg:1.0	all_HSCL:[1.363636364, 1.363636364, 1.545454545, 1.181818182, 1.0, 1.0, 1.0]	dyad:N/A
c_id:so4182ty	3_first_sessions:[2, 3, 4]	3_last_sessions:[14, 13, 12]	3_first_HSCL:[3.0, 2.27, 2.0]	3_last_HSCL:[1.36, 1.55, 1.73]	3_first_HSCL_avg:2.42	3_last_HSCL_avg:1.55	all_HSCL:[3.0, 2.272727273, 2.0, 1.727272727, 2.181818182, 1.909090909, 1.818181818, 1.727272727, 1.545454545, 1.454545455, 1.727272727, 1.545454545, 1.363636364]	dyad:N/A
c_id:am4183lg	3_first_sessions:[2, 3, 4]	3_last_sessions:[27, 26, 25]	3_first_HSCL:[1.73, 1.64, 2.27]	3_last_HSCL:[1.73, 1.64, 1.27]	3_first_HSCL_avg:1.88	3_last_HSCL_avg:1.55	all_HSCL:[1.727272727, 1.636363636, 2.272727273, 1.818181818, 1.727272727, 1.454545455, 1.818181818, 1.636363636, 2.0, 2.090909091, 1.454545455, 1.363636364, 1.454545455, 1.454545455, 1.636363636, 1.454545455, 1.363636364, 1.545454545, 2.0, 1.454545455, 1.454545455, 1.363636364, 1.272727273, 1.636363636, 1.727272727]	dyad:N/A
c_id:ya4207lp	3_first_sessions:[34, 35, 36]	3_last_sessions:[71, 70, 69]	3_first_HSCL:[nan, 2.0, 2.0]	3_last_HSCL:[3.09, 3.45, 3.0]	3_first_HSCL_avg:nan	3_last_HSCL_avg:3.18	all_HSCL:[nan, 2.0, 2.0, 2.0, 2.4545455, 2.1818182, 2.2727273, 2.7272727, 2.6363636, 2.9090909, 2.5454545, 3.2727273, nan, 2.9090909, 3.5454545, 3.3636364, 3.0909091, 3.1818182, 3.4545455, 3.0909091, 3.6363636, 3.4545455, 3.7272727, nan, 3.0909091, 3.7272727, 3.8181818, 3.8181818, 3.9090909, 3.7272727, 3.4545455, 3.9090909, 4.0, nan, 3.0909091, 3.0, 3.4545455, 3.0909091]	dyad:N/A
c_id:rg4227sb	3_first_sessions:[2, 3, 4]	3_last_sessions:[18, 17, 16]	3_first_HSCL:[2.09, 1.82, 1.55]	3_last_HSCL:[1.45, 1.64, 1.55]	3_first_HSCL_avg:1.82	3_last_HSCL_avg:1.55	all_HSCL:[2.090909091, 1.818181818, 1.545454545, 1.636363636, 1.727272727, 1.636363636, 1.818181818, 1.727272727, 1.818181818, 1.636363636, 1.454545455, 1.727272727, 1.545454545, 1.636363636, 1.545454545, 1.636363636, 1.454545455]	dyad:N/A
c_id:sf4281lp	3_first_sessions:[30, 31, 32]	3_last_sessions:[68, 67, 66]	3_first_HSCL:[nan, 2.09, 2.82]	3_last_HSCL:[2.18, 2.45, 2.0]	3_first_HSCL_avg:nan	3_last_HSCL_avg:2.21	all_HSCL:[nan, 2.0909091, 2.8181818, 2.0909091, nan, 2.5454545, nan, 2.1818182, 2.1818182, 2.1818182, 2.0909091, 2.3636364, 2.0, 2.0, 2.0909091, 2.0909091, 2.0909091, 2.0, 2.1818182, nan, 2.8181818, 2.7272727, 2.3636364, 1.0, 2.1818182, 2.0909091, 2.0, 2.3636364, 3.0, 2.6363636, nan, 2.0, 2.7272727, 2.2727273, 2.4545455, 2.6363636, 2.0, 2.4545455, 2.1818182]	dyad:N/A
c_id:at4483sb	3_first_sessions:[2, 3, 4]	3_last_sessions:[19, 18, 17]	3_first_HSCL:[2.73, 2.36, 2.73]	3_last_HSCL:[1.73, 1.73, 1.82]	3_first_HSCL_avg:2.61	3_last_HSCL_avg:1.76	all_HSCL:[2.727272727, 2.363636364, 2.727272727, 2.545454545, 2.818181818, 2.909090909, 2.727272727, 2.454545455, 2.727272727, 2.727272727, 2.636363636, 2.363636364, 2.090909091, 1.636363636, 1.727272727, 1.818181818, 1.727272727, 1.727272727]	dyad:כט
c_id:rs4611ma	3_first_sessions:[2, 3, 4]	3_last_sessions:[28, 27, 26]	3_first_HSCL:[1.55, 1.55, 1.55]	3_last_HSCL:[1.64, 1.64, 2.18]	3_first_HSCL_avg:1.55	3_last_HSCL_avg:1.82	all_HSCL:[1.545454545, 1.545454545, 1.545454545, 1.181818182, 1.636363636, 1.636363636, 1.636363636, 1.909090909, 1.909090909, 2.181818182, 1.818181818, 1.727272727, 1.909090909, 1.090909091, 1.727272727, 1.818181818, 1.727272727, 1.636363636, 1.909090909, 2.090909091, 1.636363636, 2.090909091, 1.818181818, 1.636363636, 2.181818182, 1.636363636, 1.636363636]	dyad:י
c_id:zr4705ar	3_first_sessions:[46, 47, 48]	3_last_sessions:[75, 74, 73]	3_first_HSCL:[2.0, 2.0, 2.09]	3_last_HSCL:[1.36, 1.45, 1.45]	3_first_HSCL_avg:2.03	3_last_HSCL_avg:1.42	all_HSCL:[2.0, 2.0, 2.090909091, 1.818181818, 1.727272727, 1.909090909, 1.909090909, 1.727272727, 1.727272727, 1.545454545, 1.545454545, 1.909090909, 1.636363636, 1.727272727, 2.272727273, 1.727272727, 1.636363636, 1.818181818, 1.727272727, 1.545454545, 1.545454545, 1.545454545, 1.545454545, 1.545454545, 1.727272727, 1.545454545, 1.636363636, 1.454545455, 1.454545455, 1.363636364]	dyad:N/A
c_id:ho4829df	3_first_sessions:[2, 3, 4]	3_last_sessions:[10, 9, 8]	3_first_HSCL:[2.18, 2.45, 2.55]	3_last_HSCL:[2.36, 1.82, 2.36]	3_first_HSCL_avg:2.39	3_last_HSCL_avg:2.18	all_HSCL:[2.181818182, 2.454545455, 2.545454545, 2.545454545, 1.727272727, 2.272727273, 2.363636364, 1.818181818, 2.363636364]	dyad:N/A
c_id:mb4888mh	3_first_sessions:[2, 3, 4]	3_last_sessions:[23, 22, 21]	3_first_HSCL:[1.91, 2.18, 1.91]	3_last_HSCL:[1.18, 1.27, 1.64]	3_first_HSCL_avg:2.0	3_last_HSCL_avg:1.36	all_HSCL:[1.909090909, 2.181818182, 1.909090909, 1.545454545, 1.363636364, 1.454545455, 1.454545455, 1.545454545, 1.636363636, 1.181818182, 1.181818182, 1.272727273, 1.454545455, 1.272727273, 1.454545455, 1.454545455, 1.272727273, 1.454545455, 1.636363636, 1.272727273, 1.181818182]	dyad:כא
c_id:sf4916gl	3_first_sessions:[2, 3, 4]	3_last_sessions:[9, 8, 7]	3_first_HSCL:[1.09, 2.27, 1.64]	3_last_HSCL:[1.36, 1.0, 1.0]	3_first_HSCL_avg:1.67	3_last_HSCL_avg:1.12	all_HSCL:[1.090909091, 2.272727273, 1.636363636, 1.272727273, 1.0, 1.0, 1.363636364]	dyad:N/A
c_id:br4921rr	3_first_sessions:[2, 3, 4]	3_last_sessions:[15, 14, 13]	3_first_HSCL:[1.45, 1.91, 1.91]	3_last_HSCL:[1.73, 1.27, 1.82]	3_first_HSCL_avg:1.76	3_last_HSCL_avg:1.61	all_HSCL:[1.454545455, 1.909090909, 1.909090909, 1.454545455, 1.0, 2.0, 1.545454545, 1.818181818, 1.272727273, 1.727272727]	dyad:N/A
c_id:ks4936af	3_first_sessions:[2, 3, 4]	3_last_sessions:[12, 11, 10]	3_first_HSCL:[1.27, 1.27, 1.36]	3_last_HSCL:[1.36, 1.45, 1.18]	3_first_HSCL_avg:1.3	3_last_HSCL_avg:1.33	all_HSCL:[1.272727273, 1.272727273, 1.363636364, 1.090909091, 1.454545455, 1.454545455, 1.0, 1.181818182, 1.181818182, 1.454545455, 1.363636364]	dyad:N/A
c_id:ns5127tl	3_first_sessions:[3, 4, 5]	3_last_sessions:[31, 30, 29]	3_first_HSCL:[2.27, 2.36, 2.55]	3_last_HSCL:[2.09, 1.82, 1.91]	3_first_HSCL_avg:2.39	3_last_HSCL_avg:1.94	all_HSCL:[2.272727273, 2.363636364, 2.545454545, 2.181818182, 2.454545455, 2.363636364, 2.636363636, 2.0, 2.090909091, 2.454545455, 2.454545455, 2.272727273, 2.090909091, 2.454545455, 2.181818182, 2.272727273, 2.181818182, 2.090909091, 2.727272727, 2.090909091, 1.818181818, 1.818181818, 2.0, 1.454545455, 1.363636364, 1.727272727, 1.909090909, 1.818181818, 2.090909091]	dyad:N/A
c_id:rb5195lg	3_first_sessions:[7, 8, 9]	3_last_sessions:[36, 35, 34]	3_first_HSCL:[1.27, 1.27, 1.18]	3_last_HSCL:[1.27, 1.18, 1.27]	3_first_HSCL_avg:1.24	3_last_HSCL_avg:1.24	all_HSCL:[1.272727273, 1.272727273, 1.181818182, 1.181818182, 1.272727273, 1.363636364, 1.454545455, 1.454545455, 1.363636364, 1.272727273, 1.181818182, 1.181818182, 1.181818182, 1.181818182, 1.272727273, 1.272727273, 1.272727273, 1.454545455, 1.181818182, 1.181818182, 1.090909091, 1.181818182, 1.090909091, 1.181818182, 1.181818182, 1.272727273, 1.272727273, 1.272727273, 1.181818182, 1.272727273]	dyad:N/A
c_id:ov5234ob	3_first_sessions:[3, 5, 6]	3_last_sessions:[14, 12, 10]	3_first_HSCL:[1.73, 1.45, 1.55]	3_last_HSCL:[2.0, 1.73, 2.36]	3_first_HSCL_avg:1.58	3_last_HSCL_avg:2.03	all_HSCL:[1.727272727, 1.454545455, 1.545454545, 1.0, 1.545454545, 2.363636364, 1.727272727, 2.0]	dyad:N/A
c_id:er5626mz	3_first_sessions:[1, 2, 3]	3_last_sessions:[29, 28, 27]	3_first_HSCL:[nan, 2.09, 2.36]	3_last_HSCL:[2.55, 2.55, 2.36]	3_first_HSCL_avg:nan	3_last_HSCL_avg:2.48	all_HSCL:[nan, 2.0909091, 2.3636364, 2.0909091, 2.8181818, 2.5454545, nan, 2.0909091, 2.5454545, 2.8181818, 3.0, 2.3636364, 2.8181818, 2.7272727, 2.6363636, 2.6363636, 2.6363636, 2.9090909, 2.3636364, 2.4545455, 2.6363636, 2.7272727, 2.5454545, 2.6363636, 2.2727273, 2.7272727, 2.3636364, 2.5454545, 2.5454545]	dyad:N/A
c_id:mt5699sc	3_first_sessions:[2, 3, 4]	3_last_sessions:[5, 4, 3]	3_first_HSCL:[1.45, 1.73, 1.18]	3_last_HSCL:[1.73, 1.18, 1.73]	3_first_HSCL_avg:1.45	3_last_HSCL_avg:1.55	all_HSCL:[1.454545455, 1.727272727, 1.181818182, 1.727272727]	dyad:N/A
c_id:ro5728yb	3_first_sessions:[2, 3, 4]	3_last_sessions:[21, 19, 18]	3_first_HSCL:[2.55, 2.27, 2.0]	3_last_HSCL:[1.82, 1.36, 1.82]	3_first_HSCL_avg:2.27	3_last_HSCL_avg:1.67	all_HSCL:[2.545454545, 2.272727273, 2.0, 1.363636364, 2.0, 1.454545455, 2.363636364, 2.090909091, 2.090909091, 1.454545455, 1.909090909, 2.181818182, 1.727272727, 2.181818182, 1.363636364, 1.545454545, 1.818181818, 1.363636364, 1.818181818]	dyad:N/A
c_id:zi5766lp	3_first_sessions:[8, 9, 10]	3_last_sessions:[18, 17, 16]	3_first_HSCL:[2.45, 3.36, 2.73]	3_last_HSCL:[1.64, 2.09, 2.09]	3_first_HSCL_avg:2.85	3_last_HSCL_avg:1.94	all_HSCL:[2.454545455, 3.363636364, 2.727272727, 2.727272727, 2.545454545, 1.636363636, 2.090909091, 2.090909091, 2.090909091, 1.636363636]	dyad:N/A
c_id:eo5794nh	3_first_sessions:[2, 3, 4]	3_last_sessions:[24, 23, 22]	3_first_HSCL:[1.36, 2.09, 1.82]	3_last_HSCL:[1.82, 2.0, 1.73]	3_first_HSCL_avg:1.76	3_last_HSCL_avg:1.85	all_HSCL:[1.363636364, 2.090909091, 1.818181818, 1.636363636, 1.636363636, 1.545454545, 2.0, 1.909090909, 1.818181818, 1.727272727, 1.727272727, 1.636363636, 1.454545455, 1.636363636, 1.363636364, 1.818181818, 1.363636364, 1.818181818, 1.818181818, 1.636363636, 1.727272727, 2.0, 1.818181818]	dyad:טו
c_id:rt5952hs	3_first_sessions:[1, 2, 3]	3_last_sessions:[21, 20, 19]	3_first_HSCL:[1.55, 1.45, 1.27]	3_last_HSCL:[nan, 1.36, 1.27]	3_first_HSCL_avg:1.42	3_last_HSCL_avg:nan	all_HSCL:[1.5454545, 1.4545455, 1.2727273, 1.2727273, 1.3636364, 1.4545455, 1.3636364, 1.7272727, 1.9090909, 1.6363636, 1.5454545, 1.5454545, 1.2727273, 1.4545455, 1.1818182, 1.3636364, 1.3636364, 1.1818182, 1.2727273, 1.3636364, nan]	dyad:N/A
c_id:ba6017lg	3_first_sessions:[2, 3, 4]	3_last_sessions:[16, 15, 14]	3_first_HSCL:[2.09, 1.91, 2.18]	3_last_HSCL:[1.0, 1.82, 1.64]	3_first_HSCL_avg:2.06	3_last_HSCL_avg:1.48	all_HSCL:[2.090909091, 1.909090909, 2.181818182, 2.363636364, 2.545454545, 2.181818182, 3.181818182, 2.090909091, 1.0, 1.727272727, 2.272727273, 1.0, 1.636363636, 1.818181818, 1.0]	dyad:N/A
c_id:bh6063sr	3_first_sessions:[3, 4, 5]	3_last_sessions:[18, 17, 16]	3_first_HSCL:[2.91, 2.64, 2.91]	3_last_HSCL:[2.91, 3.09, 3.18]	3_first_HSCL_avg:2.82	3_last_HSCL_avg:3.06	all_HSCL:[2.909090909, 2.636363636, 2.909090909, 3.0, 3.090909091, 3.0, 3.090909091, 3.0, 2.636363636, 2.727272727, 2.818181818, 2.818181818, 3.090909091, 3.181818182, 3.090909091, 2.909090909]	dyad:N/A
c_id:ml6171ys	3_first_sessions:[1, 2, 3]	3_last_sessions:[32, 31, 30]	3_first_HSCL:[nan, nan, 3.27]	3_last_HSCL:[2.18, 2.0, 2.55]	3_first_HSCL_avg:nan	3_last_HSCL_avg:2.24	all_HSCL:[nan, nan, 3.2727273, 2.0909091, 2.9090909, 2.4545455, 1.7272727, 3.2727273, 2.3636364, 1.3636364, 2.0, 2.9090909, 1.2727273, 1.9090909, 1.4545455, 1.2727273, 3.5454545, 2.1818182, 2.9090909, 2.0909091, 2.3636364, 1.7272727, 2.3636364, 2.3636364, 1.6363636, 3.0909091, 2.5454545, 1.9090909, 1.2727273, 2.5454545, 2.0, 2.1818182]	dyad:N/A
c_id:na6206dl	3_first_sessions:[2, 5, 6]	3_last_sessions:[13, 12, 11]	3_first_HSCL:[1.64, 1.91, 2.36]	3_last_HSCL:[1.0, 1.73, 1.82]	3_first_HSCL_avg:1.97	3_last_HSCL_avg:1.52	all_HSCL:[1.636363636, 1.909090909, 2.363636364, 1.727272727, 1.818181818, 1.818181818, 1.818181818, 1.727272727, 1.0]	dyad:N/A
c_id:ad6252md	3_first_sessions:[1, 2, 3]	3_last_sessions:[11, 10, 9]	3_first_HSCL:[nan, nan, nan]	3_last_HSCL:[nan, nan, nan]	3_first_HSCL_avg:nan	3_last_HSCL_avg:nan	all_HSCL:[nan, nan, nan, nan, nan, nan, nan, nan, nan, nan, nan]	dyad:N/A
c_id:rb6324nh	3_first_sessions:[3, 4, 5]	3_last_sessions:[28, 27, 26]	3_first_HSCL:[1.09, 1.0, 1.09]	3_last_HSCL:[1.0, 1.0, 1.0]	3_first_HSCL_avg:1.06	3_last_HSCL_avg:1.0	all_HSCL:[1.090909091, 1.0, 1.090909091, 1.0, 1.0, 1.0, 1.0, 1.0, 1.181818182, 1.272727273, 1.272727273, 1.0, 1.0, 1.0, 1.0, 1.0, 1.0, 1.0, 1.0, 1.0, 1.0, 1.0, 1.0, 1.0, 1.0]	dyad:כ
c_id:sl6325sg	3_first_sessions:[1, 2]	3_last_sessions:[1, 2]	3_first_HSCL:[2.090909091, 1.545454545]	3_last_HSCL:[2.090909091, 1.545454545]	3_first_HSCL_avg:N/A	3_last_HSCL_avg:N/A	all_HSCL:[2.090909091, 1.545454545]	dyad:N/A
c_id:ya6400zg	3_first_sessions:[3, 4, 6]	3_last_sessions:[28, 25, 24]	3_first_HSCL:[1.09, 1.27, 1.18]	3_last_HSCL:[1.0, 1.0, 1.0]	3_first_HSCL_avg:1.18	3_last_HSCL_avg:1.0	all_HSCL:[1.090909091, 1.272727273, 1.181818182, 1.090909091, 1.181818182, 1.0, 1.181818182, 1.0, 1.181818182, 1.0, 1.0, 1.0, 1.0, 1.0]	dyad:N/A
c_id:mb6503sg	3_first_sessions:[1, 2, 3]	3_last_sessions:[14, 13, 12]	3_first_HSCL:[1.36, 1.36, 1.82]	3_last_HSCL:[1.0, 1.09, 1.0]	3_first_HSCL_avg:1.52	3_last_HSCL_avg:1.03	all_HSCL:[1.363636364, 1.363636364, 1.818181818, 1.363636364, 1.0, 1.090909091, 1.0, 1.0, 1.0, 1.0, 1.090909091, 1.0, 1.090909091, 1.0]	dyad:N/A
c_id:tm6521sr	3_first_sessions:[2, 3]	3_last_sessions:[2, 3]	3_first_HSCL:[2.181818182, 2.181818182]	3_last_HSCL:[2.181818182, 2.181818182]	3_first_HSCL_avg:N/A	3_last_HSCL_avg:N/A	all_HSCL:[2.181818182, 2.181818182]	dyad:N/A
c_id:nf6713bl	3_first_sessions:[2, 3, 4]	3_last_sessions:[23, 22, 21]	3_first_HSCL:[1.0, 1.09, 1.18]	3_last_HSCL:[1.0, 1.36, 1.09]	3_first_HSCL_avg:1.09	3_last_HSCL_avg:1.15	all_HSCL:[1.0, 1.090909091, 1.181818182, 1.727272727, 1.272727273, 1.090909091, 1.090909091, 1.090909091, 1.181818182, 1.0, 1.181818182, 1.0, 1.090909091, 2.090909091, 1.0, 1.181818182, 1.545454545, 1.181818182, 1.363636364, 1.090909091, 1.363636364, 1.0]	dyad:ש
c_id:ms6768nn	3_first_sessions:[2, 3, 4]	3_last_sessions:[17, 16, 15]	3_first_HSCL:[1.64, 1.45, 1.64]	3_last_HSCL:[1.36, 1.18, 1.36]	3_first_HSCL_avg:1.58	3_last_HSCL_avg:1.3	all_HSCL:[1.636363636, 1.454545455, 1.636363636, 1.636363636, 1.636363636, 1.636363636, 1.545454545, 1.636363636, 1.545454545, 1.727272727, 1.727272727, 1.545454545, 1.454545455, 1.363636364, 1.181818182, 1.363636364]	dyad:N/A
c_id:mf6943md	3_first_sessions:[1, 2, 3]	3_last_sessions:[25, 24, 23]	3_first_HSCL:[nan, 2.27, 2.0]	3_last_HSCL:[nan, 1.36, 1.45]	3_first_HSCL_avg:nan	3_last_HSCL_avg:nan	all_HSCL:[nan, 2.2727273, 2.0, 2.1818182, 1.7272727, 2.0909091, 1.9090909, 1.5454545, 1.5454545, 1.4545455, nan, 1.5454545, 1.9090909, 1.7272727, 1.7272727, 1.6363636, nan, 1.6363636, 1.3636364, 1.3636364, 1.4545455, 1.4545455, 1.4545455, 1.3636364, nan]	dyad:ל
c_id:fa7034ad	3_first_sessions:[2, 3, 4]	3_last_sessions:[26, 25, 24]	3_first_HSCL:[3.27, 2.91, 2.91]	3_last_HSCL:[2.0, 2.27, 2.45]	3_first_HSCL_avg:3.03	3_last_HSCL_avg:2.24	all_HSCL:[3.272727273, 2.909090909, 2.909090909, 2.545454545, 2.818181818, 2.090909091, 2.181818182, 1.909090909, 2.181818182, 2.636363636, 2.181818182, 2.272727273, 2.454545455, 2.727272727, 2.818181818, 2.272727273, 2.636363636, 2.727272727, 2.727272727, 2.0, 2.181818182, 2.181818182, 2.454545455, 2.272727273, 2.0]	dyad:ת
c_id:ra7048st	3_first_sessions:[2, 3, 4]	3_last_sessions:[6, 4, 3]	3_first_HSCL:[1.82, 1.73, 1.82]	3_last_HSCL:[1.91, 1.82, 1.73]	3_first_HSCL_avg:1.79	3_last_HSCL_avg:1.82	all_HSCL:[1.818181818, 1.727272727, 1.818181818, 1.909090909]	dyad:N/A
c_id:dp7086sb	3_first_sessions:[26, 27]	3_last_sessions:[26, 27]	3_first_HSCL:[nan, 3.0]	3_last_HSCL:[nan, 3.0]	3_first_HSCL_avg:N/A	3_last_HSCL_avg:N/A	all_HSCL:[nan, 3.0]	dyad:מ
c_id:ah7190nz	3_first_sessions:[2, 3, 4]	3_last_sessions:[25, 24, 23]	3_first_HSCL:[1.64, 1.55, 1.45]	3_last_HSCL:[1.45, 1.55, 1.55]	3_first_HSCL_avg:1.55	3_last_HSCL_avg:1.52	all_HSCL:[1.636363636, 1.545454545, 1.454545455, 1.454545455, 1.636363636, 1.363636364, 1.545454545, 1.545454545, 1.727272727, 1.545454545, 1.545454545, 1.545454545, 1.727272727, 1.636363636, 1.636363636, 1.454545455, 1.545454545, 1.727272727, 1.636363636, 1.636363636, 1.545454545, 1.545454545, 1.454545455]	dyad:יז
c_id:hp7267rc	3_first_sessions:[2, 3, 4]	3_last_sessions:[10, 9, 8]	3_first_HSCL:[1.27, 1.36, 1.55]	3_last_HSCL:[1.36, 1.36, 1.36]	3_first_HSCL_avg:1.39	3_last_HSCL_avg:1.36	all_HSCL:[1.272727273, 1.363636364, 1.545454545, 2.181818182, 1.454545455, 1.272727273, 1.363636364, 1.363636364, 1.363636364]	dyad:N/A
c_id:gs7369sm	3_first_sessions:[1, 2, 3]	3_last_sessions:[18, 17, 16]	3_first_HSCL:[nan, 2.27, 1.91]	3_last_HSCL:[1.91, 2.0, 2.36]	3_first_HSCL_avg:nan	3_last_HSCL_avg:2.09	all_HSCL:[nan, 2.2727273, 1.9090909, 2.0, 2.1818182, 2.3636364, 2.6363636, 2.2727273, 2.5454545, 1.8181818, 2.0909091, 2.0909091, 2.2727273, 2.0, 2.1818182, 2.3636364, 2.0, 1.9090909]	dyad:נ
c_id:hp7415sg	3_first_sessions:[1, 2, 3]	3_last_sessions:[20, 19, 18]	3_first_HSCL:[3.27, 1.73, 1.91]	3_last_HSCL:[1.82, 1.64, 1.64]	3_first_HSCL_avg:2.3	3_last_HSCL_avg:1.7	all_HSCL:[3.272727273, 1.727272727, 1.909090909, 1.727272727, 2.0, 1.909090909, 1.636363636, 1.545454545, 1.727272727, 1.545454545, 1.181818182, 1.454545455, 1.454545455, 1.909090909, 1.727272727, 2.181818182, 1.636363636, 1.636363636, 1.818181818]	dyad:כח
c_id:ls7441nb	3_first_sessions:[3, 4, 5]	3_last_sessions:[33, 32, 31]	3_first_HSCL:[1.91, 1.82, 2.36]	3_last_HSCL:[1.0, 1.09, 1.09]	3_first_HSCL_avg:2.03	3_last_HSCL_avg:1.06	all_HSCL:[1.909090909, 1.818181818, 2.363636364, 2.727272727, 1.454545455, 1.454545455, 1.454545455, 1.454545455, 1.272727273, 1.272727273, 1.454545455, 1.090909091, 1.090909091, 1.181818182, 1.181818182, 1.272727273, 1.363636364, 1.454545455, 1.272727273, 1.363636364, 1.272727273, 1.090909091, 1.363636364, 1.090909091, 1.0, 1.272727273, 1.181818182, 1.0, 1.090909091, 1.090909091, 1.0]	dyad:ס
c_id:ms7579hk	3_first_sessions:[2, 3, 4]	3_last_sessions:[31, 30, 29]	3_first_HSCL:[2.18, 2.64, 2.36]	3_last_HSCL:[1.18, 1.55, 1.36]	3_first_HSCL_avg:2.39	3_last_HSCL_avg:1.36	all_HSCL:[2.181818182, 2.636363636, 2.363636364, 2.181818182, 3.0, 2.0, 2.272727273, 2.363636364, 1.818181818, 1.636363636, 1.909090909, 1.454545455, 1.545454545, 1.727272727, 1.818181818, 1.727272727, 1.727272727, 2.090909091, 1.454545455, 1.727272727, 2.0, 1.909090909, 2.181818182, 1.727272727, 1.454545455, 1.090909091, 1.363636364, 1.545454545, 1.181818182]	dyad:N/A
c_id:kb7599lp	3_first_sessions:[2, 3, 4]	3_last_sessions:[5, 4, 3]	3_first_HSCL:[2.73, 2.91, 2.73]	3_last_HSCL:[2.55, 2.73, 2.91]	3_first_HSCL_avg:2.79	3_last_HSCL_avg:2.73	all_HSCL:[2.727272727, 2.909090909, 2.727272727, 2.545454545]	dyad:N/A
c_id:zg7713sg	3_first_sessions:[2, 3, 4]	3_last_sessions:[24, 23, 22]	3_first_HSCL:[1.82, 2.55, 2.45]	3_last_HSCL:[2.45, 2.45, 2.36]	3_first_HSCL_avg:2.27	3_last_HSCL_avg:2.42	all_HSCL:[1.818181818, 2.545454545, 2.454545455, 1.909090909, 1.727272727, 2.0, 1.636363636, 2.090909091, 1.818181818, 1.818181818, 2.090909091, 2.181818182, 2.545454545, 3.0, 2.454545455, 2.454545455, 2.272727273, 2.090909091, 2.090909091, 2.454545455, 2.363636364, 2.454545455, 2.454545455]	dyad:כה
c_id:ln7765mhs	3_first_sessions:[2, 3, 4]	3_last_sessions:[31, 30, 29]	3_first_HSCL:[1.73, 1.09, 1.36]	3_last_HSCL:[1.27, 1.0, 1.0]	3_first_HSCL_avg:1.39	3_last_HSCL_avg:1.09	all_HSCL:[1.727272727, 1.090909091, 1.363636364, 1.727272727, 1.818181818, 1.090909091, 2.363636364, 1.636363636, 1.454545455, 1.545454545, 1.090909091, 2.454545455, 2.181818182, 2.181818182, 2.090909091, 1.272727273, 1.545454545, 1.0, 1.0, 1.0, 1.090909091, 1.0, 1.0, 1.272727273, 1.090909091, 1.636363636, 1.090909091, 1.0, 1.0, 1.272727273]	dyad:N/A
c_id:sk7853sp	3_first_sessions:[2, 3, 4]	3_last_sessions:[24, 23, 22]	3_first_HSCL:[2.27, 2.45, 2.45]	3_last_HSCL:[1.91, 1.73, 1.73]	3_first_HSCL_avg:2.39	3_last_HSCL_avg:1.79	all_HSCL:[2.272727273, 2.454545455, 2.454545455, 2.090909091, 2.818181818, 2.636363636, 2.181818182, 2.636363636, 1.818181818, 1.727272727, 1.818181818, 2.181818182, 1.818181818, 1.818181818, 1.545454545, 1.636363636, 1.636363636, 1.636363636, 1.636363636, 1.727272727, 1.727272727, 1.727272727, 1.909090909]	dyad:ע
c_id:rt7857lb	3_first_sessions:[2, 3, 4]	3_last_sessions:[15, 14, 13]	3_first_HSCL:[3.55, 1.91, 1.45]	3_last_HSCL:[3.0, 2.36, 3.45]	3_first_HSCL_avg:2.3	3_last_HSCL_avg:2.94	all_HSCL:[3.545454545, 1.909090909, 1.454545455, 2.636363636, 1.909090909, 2.0, 3.727272727, 3.727272727, 1.818181818, 2.0, 2.090909091, 3.454545455, 2.363636364, 3.0]	dyad:N/A
c_id:ms7948sr	3_first_sessions:[11, 12, 13]	3_last_sessions:[24, 23, 22]	3_first_HSCL:[2.0, 1.64, 1.55]	3_last_HSCL:[1.09, 2.0, 1.91]	3_first_HSCL_avg:1.73	3_last_HSCL_avg:1.67	all_HSCL:[2.0, 1.636363636, 1.545454545, 1.636363636, 1.636363636, 1.909090909, 1.909090909, 1.545454545, 1.818181818, 1.363636364, 1.545454545, 1.909090909, 2.0, 1.090909091]	dyad:N/A
c_id:ef7950ky	3_first_sessions:[2]	3_last_sessions:[2]	3_first_HSCL:[1.818181818]	3_last_HSCL:[1.818181818]	3_first_HSCL_avg:N/A	3_last_HSCL_avg:N/A	all_HSCL:[1.818181818]	dyad:N/A
c_id:om8107rs	3_first_sessions:[4, 5, 6]	3_last_sessions:[19, 18, 17]	3_first_HSCL:[2.36, 2.45, 2.27]	3_last_HSCL:[2.09, 1.73, 1.64]	3_first_HSCL_avg:2.36	3_last_HSCL_avg:1.82	all_HSCL:[2.363636364, 2.454545455, 2.272727273, 2.090909091, 2.0, 1.818181818, 1.545454545, 2.090909091, 2.181818182, 2.090909091, 2.181818182, 2.272727273, 1.727272727, 1.636363636, 1.727272727, 2.090909091]	dyad:N/A
c_id:tf8129mz	3_first_sessions:[1, 2, 3]	3_last_sessions:[32, 31, 30]	3_first_HSCL:[nan, 1.55, 1.55]	3_last_HSCL:[2.36, 2.09, 1.55]	3_first_HSCL_avg:nan	3_last_HSCL_avg:2.0	all_HSCL:[nan, 1.5454545, 1.5454545, 2.4545455, 1.9090909, 2.0909091, 1.8181818, 1.5454545, 1.7272727, 1.2727273, 1.5454545, 2.0, 1.4545455, 1.8181818, 1.9090909, 1.9090909, 2.0, 1.9090909, 1.9090909, 1.8181818, nan, 1.8181818, 2.1818182, 2.3636364, 1.6363636, 1.6363636, 1.7272727, 2.0909091, 1.6363636, 1.5454545, 2.0909091, 2.3636364]	dyad:N/A
c_id:ma8235sg	3_first_sessions:[2, 3, 4]	3_last_sessions:[22, 21, 20]	3_first_HSCL:[2.27, 2.27, 1.45]	3_last_HSCL:[1.91, 2.73, 2.27]	3_first_HSCL_avg:2.0	3_last_HSCL_avg:2.3	all_HSCL:[2.272727273, 2.272727273, 1.454545455, 1.545454545, 2.0, 1.545454545, 1.909090909, 1.545454545, 1.545454545, 2.0, 1.727272727, 2.0, 1.727272727, 1.818181818, 2.090909091, 1.363636364, 1.363636364, 1.818181818, 2.272727273, 2.727272727, 1.909090909]	dyad:יח
c_id:ol8394ug	3_first_sessions:[1, 2, 3]	3_last_sessions:[32, 31, 30]	3_first_HSCL:[nan, nan, 1.27]	3_last_HSCL:[1.91, 1.27, 1.09]	3_first_HSCL_avg:nan	3_last_HSCL_avg:1.42	all_HSCL:[nan, nan, 1.2727273, 1.0909091, 1.0909091, 1.1818182, 1.2727273, 1.1818182, 1.4545455, 1.7272727, 1.4545455, 1.6363636, 1.3636364, 1.8181818, 2.0909091, 1.4545455, 3.1818182, 1.4545455, 1.5454545, 1.1818182, 1.1818182, 1.1818182, 1.3636364, 1.2727273, 1.0909091, 1.0, 1.0, 1.0, 1.0909091, 1.0909091, 1.2727273, 1.9090909]	dyad:יט
c_id:is8523mm	3_first_sessions:[2, 3, 4]	3_last_sessions:[20, 19, 18]	3_first_HSCL:[3.36, 2.55, 2.09]	3_last_HSCL:[1.55, 1.73, 1.64]	3_first_HSCL_avg:2.67	3_last_HSCL_avg:1.64	all_HSCL:[3.363636364, 2.545454545, 2.090909091, 2.090909091, 1.818181818, 1.909090909, 1.909090909, 2.181818182, 2.181818182, 2.181818182, 2.090909091, 2.0, 1.727272727, 1.636363636, 1.727272727, 1.636363636, 1.727272727, 1.545454545]	dyad:כג
c_id:hg8770tz	3_first_sessions:[2, 3, 4]	3_last_sessions:[18, 17, 16]	3_first_HSCL:[1.82, 2.09, 1.91]	3_last_HSCL:[1.73, 1.82, 1.82]	3_first_HSCL_avg:1.94	3_last_HSCL_avg:1.79	all_HSCL:[1.818181818, 2.090909091, 1.909090909, 2.090909091, 2.0, 1.818181818, 2.181818182, 1.727272727, 1.636363636, 1.727272727, 1.636363636, 1.818181818, 1.818181818, 1.818181818, 1.727272727]	dyad:N/A
c_id:ds8892vt	3_first_sessions:[3, 4, 5]	3_last_sessions:[24, 23, 22]	3_first_HSCL:[1.73, 1.36, 1.27]	3_last_HSCL:[1.18, 1.09, 1.18]	3_first_HSCL_avg:1.45	3_last_HSCL_avg:1.15	all_HSCL:[1.727272727, 1.363636364, 1.272727273, 1.545454545, 1.636363636, 1.636363636, 1.545454545, 1.272727273, 1.272727273, 1.363636364, 1.454545455, 1.454545455, 1.454545455, 1.363636364, 1.181818182, 1.181818182, 1.272727273, 1.454545455, 1.181818182, 1.181818182, 1.090909091, 1.181818182]	dyad:כד
c_id:sb9034ik	3_first_sessions:[1, 2, 3]	3_last_sessions:[27, 26, 25]	3_first_HSCL:[nan, nan, nan]	3_last_HSCL:[1.55, 1.0, 1.0]	3_first_HSCL_avg:nan	3_last_HSCL_avg:1.18	all_HSCL:[nan, nan, nan, 1.0909091, 1.0, 1.2727273, 1.2727273, 1.0, 1.0909091, 1.5454545, 1.0, 1.0909091, 1.0, 1.0, 1.0, 1.0, 1.0, 1.0, 1.0, 1.0, 1.0, 1.0, 1.0, 1.0909091, 1.0, 1.0, 1.5454545]	dyad:N/A
c_id:em9084ac	3_first_sessions:[3, 4, 6]	3_last_sessions:[33, 32, 31]	3_first_HSCL:[2.45, 2.0, 3.0]	3_last_HSCL:[2.0, 2.0, 3.0]	3_first_HSCL_avg:2.48	3_last_HSCL_avg:2.33	all_HSCL:[2.454545455, 2.0, 3.0, 3.636363636, 2.0, 4.0, 4.0, 2.181818182, 1.727272727, 2.363636364, 2.272727273, 2.272727273, 1.909090909, 4.0, 2.545454545, 2.090909091, 2.181818182, 2.090909091, 2.363636364, 2.363636364, 2.0, 1.818181818, 1.818181818, 2.0, 2.0, 2.0, 2.181818182, 3.0, 2.0, 2.0]	dyad:N/A
c_id:bs9187ma	3_first_sessions:[33, 34, 35]	3_last_sessions:[60, 59, 58]	3_first_HSCL:[1.45, 1.36, 1.45]	3_last_HSCL:[1.45, 1.45, 1.55]	3_first_HSCL_avg:1.42	3_last_HSCL_avg:1.48	all_HSCL:[1.454545455, 1.363636364, 1.454545455, 1.545454545, 1.454545455, 1.545454545, 1.636363636, 1.636363636, 1.545454545, 1.454545455, 1.545454545, 1.545454545, 1.818181818, 2.090909091, 1.636363636, 1.545454545, 1.818181818, 1.636363636, 1.363636364, 1.545454545, 1.818181818, 1.363636364, 1.727272727, 2.0, 1.545454545, 1.454545455, 1.454545455]	dyad:כו
c_id:op9237hk	3_first_sessions:[2, 3, 4]	3_last_sessions:[30, 29, 28]	3_first_HSCL:[2.09, 2.18, 2.0]	3_last_HSCL:[1.91, 1.64, 1.64]	3_first_HSCL_avg:2.09	3_last_HSCL_avg:1.73	all_HSCL:[2.090909091, 2.181818182, 2.0, 2.0, 1.636363636, 1.909090909, 1.727272727, 1.636363636, 1.454545455, 1.363636364, 1.727272727, 1.727272727, 1.727272727, 1.545454545, 1.727272727, 1.545454545, 1.909090909, 2.090909091, 1.545454545, 1.909090909, 2.0, 1.272727273, 2.181818182, 1.363636364, 1.727272727, 1.636363636, 1.636363636, 1.909090909]	dyad:N/A
c_id:mo9272rr	3_first_sessions:[1, 2, 3]	3_last_sessions:[29, 28, 27]	3_first_HSCL:[nan, nan, nan]	3_last_HSCL:[1.27, 1.36, 1.55]	3_first_HSCL_avg:nan	3_last_HSCL_avg:1.39	all_HSCL:[nan, nan, nan, 2.0, 2.3636364, 2.0, 1.7272727, 1.3636364, 1.3636364, 1.0909091, 1.0909091, 1.0, 1.0909091, 1.2727273, 1.1818182, 1.2727273, nan, nan, nan, nan, nan, nan, nan, nan, 1.4545455, nan, 1.5454545, 1.3636364, 1.2727273]	dyad:פ
c_id:il9328hs	3_first_sessions:[2, 3, 5]	3_last_sessions:[24, 23, 22]	3_first_HSCL:[1.0, 1.55, 2.09]	3_last_HSCL:[2.18, 2.91, 2.36]	3_first_HSCL_avg:1.55	3_last_HSCL_avg:2.48	all_HSCL:[1.0, 1.545454545, 2.090909091, 1.818181818, 1.727272727, 2.090909091, 1.636363636, 1.727272727, 1.636363636, 1.818181818, 2.090909091, 2.454545455, 1.909090909, 2.181818182, 2.181818182, 2.454545455, 2.090909091, 2.363636364, 2.909090909, 2.181818182]	dyad:N/A
c_id:zb9551ik	3_first_sessions:[2, 3, 4]	3_last_sessions:[20, 19, 18]	3_first_HSCL:[1.27, 1.36, 1.27]	3_last_HSCL:[1.09, 1.09, 1.09]	3_first_HSCL_avg:1.3	3_last_HSCL_avg:1.09	all_HSCL:[1.272727273, 1.363636364, 1.272727273, 1.272727273, 1.090909091, 1.090909091, 1.272727273, 1.090909091, 1.0, 1.0, 1.090909091, 1.0, 1.0, 1.090909091, 1.090909091, 1.090909091, 1.090909091, 1.090909091, 1.090909091]	dyad:N/A
c_id:mm9608ig	3_first_sessions:[2]	3_last_sessions:[2]	3_first_HSCL:[1.727272727]	3_last_HSCL:[1.727272727]	3_first_HSCL_avg:N/A	3_last_HSCL_avg:N/A	all_HSCL:[1.727272727]	dyad:N/A
c_id:mk9615rf	3_first_sessions:[2, 3, 4]	3_last_sessions:[14, 12, 11]	3_first_HSCL:[1.55, 1.45, 1.82]	3_last_HSCL:[1.55, 1.45, 1.73]	3_first_HSCL_avg:1.61	3_last_HSCL_avg:1.58	all_HSCL:[1.545454545, 1.454545455, 1.818181818, 1.454545455, 1.454545455, 1.454545455, 1.454545455, 1.454545455, 1.727272727, 1.454545455, 1.545454545]	dyad:N/A
c_id:am9731zv	3_first_sessions:[14, 15, 16]	3_last_sessions:[39, 38, 37]	3_first_HSCL:[1.64, 1.0, 1.64]	3_last_HSCL:[1.0, 1.36, 1.36]	3_first_HSCL_avg:1.42	3_last_HSCL_avg:1.24	all_HSCL:[1.6363636, 1.0, 1.6363636, 1.2727273, nan, nan, nan, nan, 1.0909091, nan, nan, nan, nan, 1.0909091, 1.4545455, 1.1818182, 1.0909091, nan, 1.2727273, 1.0909091, 1.1818182, 1.1818182, 1.1818182, 1.3636364, 1.3636364, 1.0]	dyad:N/A
c_id:rfa9753ds	3_first_sessions:[3, 4, 5]	3_last_sessions:[24, 23, 22]	3_first_HSCL:[1.91, 2.0, 1.73]	3_last_HSCL:[1.73, 1.82, 1.82]	3_first_HSCL_avg:1.88	3_last_HSCL_avg:1.79	all_HSCL:[1.909090909, 2.0, 1.727272727, 1.727272727, 2.090909091, 1.636363636, 1.909090909, 1.727272727, 1.727272727, 1.727272727, 1.727272727, 1.636363636, 1.818181818, 1.727272727, 1.818181818, 1.818181818, 1.818181818, 1.818181818, 1.909090909, 1.818181818, 1.818181818, 1.727272727]	dyad:N/A
c_id:ls9822zv	3_first_sessions:[18, 19, 20]	3_last_sessions:[55, 54, 53]	3_first_HSCL:[2.82, 2.18, 1.64]	3_last_HSCL:[1.55, 1.27, 1.73]	3_first_HSCL_avg:2.21	3_last_HSCL_avg:1.52	all_HSCL:[2.8181818, 2.1818182, 1.6363636, 1.6363636, 1.4545455, 2.6363636, 1.7272727, nan, 1.6363636, 1.6363636, nan, 2.7272727, 1.8181818, 2.3636364, 2.5454545, 1.9090909, 2.4545455, nan, 1.8181818, 2.0909091, 1.8181818, 1.8181818, 2.8181818, 2.6363636, 1.8181818, 1.5454545, 2.1818182, 1.9090909, 1.9090909, 1.5454545, 2.8181818, 1.9090909, 1.3636364, 1.8181818, 1.3636364, 1.7272727, 1.2727273, 1.5454545]	dyad:N/A
c_id:mm9862lb	3_first_sessions:[2, 3, 4]	3_last_sessions:[31, 30, 29]	3_first_HSCL:[2.18, 1.0, 1.82]	3_last_HSCL:[1.55, 1.55, 1.64]	3_first_HSCL_avg:1.67	3_last_HSCL_avg:1.58	all_HSCL:[2.181818182, 1.0, 1.818181818, 2.090909091, 1.818181818, 2.454545455, 2.727272727, 1.727272727, 1.545454545, 1.454545455, 2.909090909, 2.545454545, 1.909090909, 1.454545455, 1.454545455, 1.454545455, 1.272727273, 1.272727273, 1.363636364, 1.454545455, 1.363636364, 1.454545455, 1.363636364, 1.454545455, 1.545454545, 1.454545455, 1.636363636, 1.545454545, 1.545454545]	dyad:N/A
c_id:gp76ma	3_first_sessions:[2, 3, 4]	3_last_sessions:[9, 8, 7]	3_first_HSCL:[1.27, 1.36, 1.36]	3_last_HSCL:[1.45, 1.64, 1.64]	3_first_HSCL_avg:1.33	3_last_HSCL_avg:1.58	all_HSCL:[1.2727273, 1.3636364, 1.3636364, 1.3636364, 1.8181818, 1.6363636, 1.6363636, 1.4545455]	dyad:N/A
c_id:ir153ns	3_first_sessions:[1, 2, 3]	3_last_sessions:[12, 11, 10]	3_first_HSCL:[nan, 1.45, 1.27]	3_last_HSCL:[1.64, 1.27, 1.09]	3_first_HSCL_avg:nan	3_last_HSCL_avg:1.33	all_HSCL:[nan, 1.4545455, 1.2727273, 1.1818182, 2.0909091, 1.6363636, 1.2727273, 1.0909091, 1.2727273, 1.0909091, 1.2727273, 1.6363636]	dyad:N/A
c_id:gd173yd	3_first_sessions:[1, 2, 3]	3_last_sessions:[23, 22, 21]	3_first_HSCL:[nan, 2.09, 2.36]	3_last_HSCL:[2.45, 2.09, 2.36]	3_first_HSCL_avg:nan	3_last_HSCL_avg:2.3	all_HSCL:[nan, 2.0909091, 2.3636364, 2.2727273, 2.0, 2.1818182, 2.2727273, 2.5454545, 2.0909091, 2.3636364, 2.1818182, 2.2727273, 2.4545455, 2.3636364, 2.5454545, 2.4545455, 2.2727273, 2.4545455, 2.9090909, 2.5454545, 2.3636364, 2.0909091, 2.4545455]	dyad:נו
c_id:pb304rf	3_first_sessions:[1, 2, 3]	3_last_sessions:[31, 30, 29]	3_first_HSCL:[nan, 1.91, 1.82]	3_last_HSCL:[1.73, 1.82, 2.09]	3_first_HSCL_avg:nan	3_last_HSCL_avg:1.88	all_HSCL:[nan, 1.9090909, 1.8181818, 1.7272727, 1.5454545, 1.6363636, 1.6363636, 2.0, 2.2727273, 2.0, 1.7272727, 1.7272727, 1.8181818, 1.8181818, 2.0, 2.3636364, 2.3636364, 1.9090909, 2.0, 2.0, 2.1818182, 2.1818182, 2.2727273, 2.0, 1.8181818, 1.7272727, 1.8181818, 2.0, 2.0909091, 1.8181818, 1.7272727]	dyad:N/A
c_id:am417or	3_first_sessions:[1, 2, 3]	3_last_sessions:[29, 28, 27]	3_first_HSCL:[nan, 2.82, 2.27]	3_last_HSCL:[nan, 1.18, 1.27]	3_first_HSCL_avg:nan	3_last_HSCL_avg:nan	all_HSCL:[nan, 2.8181818, 2.2727273, 1.8181818, 1.8181818, 1.9090909, 1.9090909, 1.7272727, 1.7272727, 1.5454545, 1.5454545, 1.4545455, 1.6363636, 1.4545455, 1.4545455, 1.6363636, 1.7272727, 2.1818182, 1.8181818, 1.3636364, 1.2727273, 1.6363636, 1.2727273, 1.2727273, 1.2727273, 1.2727273, 1.2727273, 1.1818182, nan]	dyad:מג
c_id:sa537sg	3_first_sessions:[1, 2, 3]	3_last_sessions:[26, 25, 24]	3_first_HSCL:[nan, 1.36, 1.09]	3_last_HSCL:[1.27, 1.45, nan]	3_first_HSCL_avg:nan	3_last_HSCL_avg:nan	all_HSCL:[nan, 1.3636364, 1.0909091, 1.7272727, 1.3636364, 1.3636364, 1.9090909, 1.6363636, 1.5454545, 1.3636364, 1.7272727, 1.4545455, 1.4545455, 1.2727273, 1.1818182, 1.2727273, 1.4545455, 1.3636364, 1.3636364, 1.6363636, 1.5454545, 2.0909091, 1.7272727, nan, 1.4545455, 1.2727273]	dyad:N/A
c_id:ym822nk	3_first_sessions:[1]	3_last_sessions:[1]	3_first_HSCL:[nan]	3_last_HSCL:[nan]	3_first_HSCL_avg:N/A	3_last_HSCL_avg:N/A	all_HSCL:[nan]	dyad:N/A
c_id:mm949th	3_first_sessions:[1, 2, 3]	3_last_sessions:[17, 16, 15]	3_first_HSCL:[nan, 2.09, 2.0]	3_last_HSCL:[nan, 1.91, 1.82]	3_first_HSCL_avg:nan	3_last_HSCL_avg:nan	all_HSCL:[nan, 2.0909091, 2.0, 2.0, 1.9090909, 1.8181818, 2.2727273, 1.8181818, 2.0, 1.8181818, 1.8181818, 1.8181818, 1.9090909, 1.8181818, 1.8181818, 1.9090909, nan]	dyad:סב
c_id:iw976iv	3_first_sessions:[1, 2, 3]	3_last_sessions:[27, 26, 25]	3_first_HSCL:[nan, 2.09, 2.36]	3_last_HSCL:[1.27, 1.27, 1.45]	3_first_HSCL_avg:nan	3_last_HSCL_avg:1.33	all_HSCL:[nan, 2.0909091, 2.3636364, 2.3636364, 2.4545455, 2.2727273, 2.1818182, 2.1818182, 1.2727273, 1.9090909, 1.6363636, 1.3636364, nan, 1.0909091, 1.3636364, 1.3636364, 1.5454545, 1.4545455, 1.8181818, 1.4545455, 1.3636364, nan, 1.9090909, 1.2727273, 1.4545455, 1.2727273, 1.2727273]	dyad:מז
c_id:ef1239hf	3_first_sessions:[1, 2, 3]	3_last_sessions:[55, 54, 53]	3_first_HSCL:[nan, 1.82, 1.82]	3_last_HSCL:[1.64, 2.09, 2.09]	3_first_HSCL_avg:nan	3_last_HSCL_avg:1.94	all_HSCL:[nan, 1.8181818, 1.8181818, 1.8181818, 1.6363636, 1.6363636, 1.6363636, 2.0, 1.5454545, 1.5454545, 1.6363636, 1.8181818, 1.5454545, 1.6363636, 2.1818182, 2.0909091, 1.5454545, 2.0909091, 1.5454545, 1.5454545, 1.7272727, 1.5454545, 1.7272727, 1.5454545, 2.0, 1.5454545, 2.0909091, 1.6363636, 1.4545455, 1.4545455, 1.4545455, 1.2727273, 1.3636364, 1.4545455, 1.4545455, 1.4545455, 1.3636364, 2.2727273, 1.9090909, 2.0, 1.6363636, 1.5454545, 1.8181818, 2.0909091, 1.7272727, 1.8181818, 2.2727273, 2.2727273, 2.0, 2.2727273, 1.9090909, 1.9090909, 2.0909091, 2.0909091, 1.6363636]	dyad:N/A
c_id:uo1247im	3_first_sessions:[1, 2, 3]	3_last_sessions:[26, 25, 24]	3_first_HSCL:[nan, 1.91, 2.36]	3_last_HSCL:[1.73, 2.18, 2.45]	3_first_HSCL_avg:nan	3_last_HSCL_avg:2.12	all_HSCL:[nan, 1.9090909, 2.3636364, 2.0, 2.0, 2.2727273, 2.6363636, 1.9090909, nan, 1.8181818, 2.1818182, 2.5454545, 2.2727273, 1.7272727, 2.1818182, 2.5454545, 2.5454545, 2.4545455, 2.5454545, 2.1818182, 2.4545455, 2.7272727, 2.3636364, 2.4545455, 2.1818182, 1.7272727]	dyad:N/A
c_id:dg1256cg	3_first_sessions:[1, 2, 3]	3_last_sessions:[6, 5, 4]	3_first_HSCL:[nan, 1.73, 1.36]	3_last_HSCL:[nan, 1.18, nan]	3_first_HSCL_avg:nan	3_last_HSCL_avg:nan	all_HSCL:[nan, 1.7272727, 1.3636364, nan, 1.1818182, nan]	dyad:N/A
c_id:zv1277df	3_first_sessions:[1, 2, 3]	3_last_sessions:[24, 23, 22]	3_first_HSCL:[nan, 1.64, 1.82]	3_last_HSCL:[1.27, 1.18, 1.45]	3_first_HSCL_avg:nan	3_last_HSCL_avg:1.3	all_HSCL:[nan, 1.6363636, 1.8181818, 2.2727273, 1.1818182, 1.1818182, 1.0909091, 2.2727273, 1.3636364, 1.3636364, 1.4545455, 2.3636364, 1.1818182, 1.0909091, 1.8181818, 1.0, 1.0, 1.1818182, 1.2727273, 1.1818182, 1.3636364, 1.4545455, 1.1818182, 1.2727273]	dyad:N/A
c_id:ac1343hf	3_first_sessions:[1, 2, 3]	3_last_sessions:[18, 17, 16]	3_first_HSCL:[nan, 1.64, 1.36]	3_last_HSCL:[1.18, 1.0, 1.36]	3_first_HSCL_avg:nan	3_last_HSCL_avg:1.18	all_HSCL:[nan, 1.6363636, 1.3636364, 1.5454545, 1.4545455, 1.4545455, 1.4545455, 1.3636364, 1.0909091, 1.7272727, 1.4545455, 1.6363636, 1.5454545, 1.5454545, 1.4545455, 1.3636364, 1.0, 1.1818182]	dyad:N/A
c_id:ra1353nd	3_first_sessions:[1, 2, 3]	3_last_sessions:[29, 28, 27]	3_first_HSCL:[nan, nan, 1.64]	3_last_HSCL:[nan, 3.0, 1.73]	3_first_HSCL_avg:nan	3_last_HSCL_avg:nan	all_HSCL:[nan, nan, 1.6363636, 2.2727273, 2.5454545, 1.6363636, 2.0, 1.6363636, 1.9090909, nan, 2.0909091, 1.6363636, 1.5454545, 1.8181818, 1.6363636, 1.6363636, 1.8181818, 2.4545455, 1.4545455, 1.2727273, 1.3636364, 2.4545455, 1.5454545, 1.7272727, 1.7272727, 1.6363636, 1.7272727, 3.0, nan]	dyad:N/A
c_id:hy1712ob	3_first_sessions:[1, 2, 3]	3_last_sessions:[7, 6, 5]	3_first_HSCL:[nan, 1.36, 1.18]	3_last_HSCL:[1.18, 1.55, 1.36]	3_first_HSCL_avg:nan	3_last_HSCL_avg:1.36	all_HSCL:[nan, 1.3636364, 1.1818182, 1.7272727, 1.3636364, 1.5454545, 1.1818182]	dyad:N/A
c_id:ad1880eb	3_first_sessions:[1, 2, 3]	3_last_sessions:[70, 69, 68]	3_first_HSCL:[nan, 3.0, 2.64]	3_last_HSCL:[2.27, 3.0, 2.55]	3_first_HSCL_avg:nan	3_last_HSCL_avg:2.61	all_HSCL:[nan, 3.0, 2.6363636, 3.0909091, 3.1818182, 2.2727273, 3.1818182, 3.5454545, 2.7272727, 2.7272727, 2.4545455, 2.0, 2.4545455, 3.0909091, 1.8181818, 2.3636364, 2.1818182, 2.0, 2.2727273, 2.2727273, 1.8181818, 2.0909091, 1.8181818, 2.8181818, 1.8181818, 2.3636364, 2.8181818, 2.8181818, 2.2727273, 2.5454545, 2.0909091, 3.0, 3.3636364, 1.7272727, 2.5454545, 3.0, 1.8181818, 2.6363636, 2.8181818, 1.8181818, 1.6363636, 1.9090909, 2.8181818, 2.8181818, 2.3636364, 1.8181818, 2.0909091, 1.4545455, 1.8181818, 2.3636364, 1.8181818, 2.3636364, 1.9090909, 2.8181818, 2.0, 3.0909091, 2.9090909, 3.7272727, 3.5454545, 1.9090909, 3.4545455, 2.0, 2.1818182, 3.0909091, 2.0, 1.6363636, 3.0909091, 2.5454545, 3.0, 2.2727273]	dyad:מו
c_id:zm1901rb	3_first_sessions:[1, 2, 3]	3_last_sessions:[33, 32, 31]	3_first_HSCL:[nan, 1.45, 2.45]	3_last_HSCL:[2.73, 1.45, 1.45]	3_first_HSCL_avg:nan	3_last_HSCL_avg:1.88	all_HSCL:[nan, 1.4545455, 2.4545455, 2.0, 1.8181818, 2.0, 1.8181818, 1.7272727, 2.8181818, 2.4545455, nan, 2.3636364, 1.4545455, 1.6363636, 2.0, 1.7272727, 2.4545455, 2.3636364, 1.9090909, 3.0, 2.6363636, 2.1818182, nan, 2.0, 1.7272727, 1.7272727, 2.6363636, 1.1818182, 1.8181818, 1.6363636, 1.4545455, 1.4545455, 2.7272727]	dyad:N/A
c_id:nf2148hf	3_first_sessions:[1, 2, 3]	3_last_sessions:[38, 37, 36]	3_first_HSCL:[nan, 1.36, nan]	3_last_HSCL:[2.0, 1.91, 2.0]	3_first_HSCL_avg:nan	3_last_HSCL_avg:1.97	all_HSCL:[nan, 1.3636364, nan, nan, 1.6363636, 2.6363636, 2.7272727, 2.0909091, 2.2727273, 1.7272727, 2.0, 1.8181818, 1.8181818, 2.4545455, 1.9090909, 2.0, 1.8181818, 1.7272727, 1.6363636, 1.8181818, 1.9090909, 1.8181818, 1.8181818, 2.0, 1.9090909, 1.8181818, 1.9090909, 1.8181818, 2.0, 1.9090909, 1.9090909, 1.9090909, 2.0, 2.1818182, 2.0, 2.0, 1.9090909, 2.0]	dyad:סד
c_id:mh2211mf	3_first_sessions:[1, 2, 3]	3_last_sessions:[28, 27, 26]	3_first_HSCL:[nan, 2.73, 2.27]	3_last_HSCL:[nan, 1.45, 1.55]	3_first_HSCL_avg:nan	3_last_HSCL_avg:nan	all_HSCL:[nan, 2.7272727, 2.2727273, 2.0909091, 1.7272727, 1.8181818, 1.5454545, 1.6363636, 1.5454545, 2.0909091, 1.5454545, 1.8181818, 2.1818182, 2.4545455, 2.2727273, 1.4545455, 1.5454545, 2.3636364, 1.6363636, 1.4545455, 1.6363636, 1.6363636, 1.3636364, 1.9090909, 2.0909091, 1.5454545, 1.4545455, nan]	dyad:N/A
c_id:ra2276nk	3_first_sessions:[1, 2, 3]	3_last_sessions:[28, 27, 26]	3_first_HSCL:[nan, 1.27, 1.36]	3_last_HSCL:[1.18, 1.64, 1.18]	3_first_HSCL_avg:nan	3_last_HSCL_avg:1.33	all_HSCL:[nan, 1.2727273, 1.3636364, 1.0909091, 1.4545455, 1.1818182, 1.0, 1.1818182, 1.0909091, 1.0, 1.0, 1.0909091, 1.0, nan, 1.2727273, 1.1818182, 1.0, 1.0, 1.0, 1.3636364, 1.1818182, 1.1818182, 1.1818182, 1.4545455, 1.3636364, 1.1818182, 1.6363636, 1.1818182]	dyad:N/A
c_id:ob2287ma	3_first_sessions:[1, 2]	3_last_sessions:[1, 2]	3_first_HSCL:[nan, 2.4545455]	3_last_HSCL:[nan, 2.4545455]	3_first_HSCL_avg:N/A	3_last_HSCL_avg:N/A	all_HSCL:[nan, 2.4545455]	dyad:N/A
c_id:nd2362os	3_first_sessions:[1, 2, 3]	3_last_sessions:[17, 16, 15]	3_first_HSCL:[nan, 1.64, 1.27]	3_last_HSCL:[2.09, 1.55, 1.55]	3_first_HSCL_avg:nan	3_last_HSCL_avg:1.73	all_HSCL:[nan, 1.6363636, 1.2727273, 1.3636364, 1.7272727, 1.4545455, 1.2727273, 2.0, 1.6363636, 1.1818182, 1.8181818, 2.0, 1.7272727, 1.9090909, 1.5454545, 1.5454545, 2.0909091]	dyad:N/A
c_id:le2534dk	3_first_sessions:[1, 2, 3]	3_last_sessions:[17, 16, 15]	3_first_HSCL:[nan, 2.73, 2.36]	3_last_HSCL:[2.09, 2.45, 2.36]	3_first_HSCL_avg:nan	3_last_HSCL_avg:2.3	all_HSCL:[nan, 2.7272727, 2.3636364, 2.3636364, 2.0909091, 1.7272727, 2.5454545, 2.7272727, 2.9090909, nan, 2.1818182, 1.9090909, 1.6363636, 2.4545455, 2.3636364, 2.4545455, 2.0909091]	dyad:סא
c_id:dm2546mf	3_first_sessions:[1, 2, 3]	3_last_sessions:[21, 20, 19]	3_first_HSCL:[nan, nan, 1.91]	3_last_HSCL:[2.55, 2.36, 2.64]	3_first_HSCL_avg:nan	3_last_HSCL_avg:2.52	all_HSCL:[nan, nan, 1.9090909, nan, 1.9090909, 2.0, 2.0, 1.6363636, 2.0909091, 2.0909091, 2.5454545, 1.9090909, 2.1818182, 2.0909091, 1.8181818, 1.8181818, 2.2727273, 2.4545455, 2.6363636, 2.3636364, 2.5454545]	dyad:N/A
c_id:mm2584rf	3_first_sessions:[1, 2, 3]	3_last_sessions:[27, 26, 25]	3_first_HSCL:[nan, 1.73, 2.0]	3_last_HSCL:[1.82, 2.09, 1.91]	3_first_HSCL_avg:nan	3_last_HSCL_avg:1.94	all_HSCL:[nan, 1.7272727, 2.0, 1.7272727, 1.3636364, 2.2727273, 2.2727273, 1.8181818, 1.8181818, 2.0909091, 2.0, 2.7272727, 1.7272727, 2.5454545, 2.0, 1.6363636, 2.2727273, 2.1818182, 1.4545455, 1.9090909, 1.9090909, 2.0, 1.8181818, 1.8181818, 1.9090909, 2.0909091, 1.8181818]	dyad:N/A
c_id:yf2589eb	3_first_sessions:[1, 2, 3]	3_last_sessions:[24, 23, 22]	3_first_HSCL:[nan, 2.18, 2.18]	3_last_HSCL:[1.55, 1.82, 1.45]	3_first_HSCL_avg:nan	3_last_HSCL_avg:1.61	all_HSCL:[nan, 2.1818182, 2.1818182, 1.9090909, 1.8181818, 2.1818182, 1.7272727, 2.0, 1.7272727, 1.6363636, 1.6363636, 1.6363636, 1.6363636, 1.3636364, 1.8181818, 2.0, 1.3636364, 1.2727273, 1.9090909, 1.6363636, 1.3636364, 1.4545455, 1.8181818, 1.5454545]	dyad:עא
c_id:do2592mn	3_first_sessions:[1, 2, 3]	3_last_sessions:[26, 25, 24]	3_first_HSCL:[nan, 1.27, 1.0]	3_last_HSCL:[1.27, 1.36, nan]	3_first_HSCL_avg:nan	3_last_HSCL_avg:nan	all_HSCL:[nan, 1.2727273, 1.0, 1.3636364, 1.0909091, 1.1818182, 1.4545455, 1.0909091, 1.1818182, nan, 1.9090909, 2.3636364, 2.0, 1.6363636, 1.3636364, 1.6363636, 1.2727273, 1.0909091, 2.1818182, 1.7272727, 1.5454545, 1.0, 1.1818182, nan, 1.3636364, 1.2727273]	dyad:נב
c_id:ma2606dg	3_first_sessions:[1, 2]	3_last_sessions:[1, 2]	3_first_HSCL:[nan, 2.2727273]	3_last_HSCL:[nan, 2.2727273]	3_first_HSCL_avg:N/A	3_last_HSCL_avg:N/A	all_HSCL:[nan, 2.2727273]	dyad:N/A
c_id:ys2618me	3_first_sessions:[1, 2, 3]	3_last_sessions:[28, 27, 26]	3_first_HSCL:[nan, 2.73, 2.18]	3_last_HSCL:[nan, 1.27, 1.27]	3_first_HSCL_avg:nan	3_last_HSCL_avg:nan	all_HSCL:[nan, 2.7272727, 2.1818182, 1.9090909, 1.5454545, 1.5454545, 1.1818182, 1.3636364, 1.4545455, 1.1818182, 1.3636364, 1.1818182, 1.6363636, 1.2727273, 1.4545455, 1.3636364, 1.4545455, 1.3636364, 1.3636364, 1.7272727, 1.1818182, 1.6363636, 1.5454545, 1.5454545, 1.4545455, 1.2727273, 1.2727273, nan]	dyad:עג
c_id:rz2724hf	3_first_sessions:[1, 2, 3]	3_last_sessions:[23, 22, 21]	3_first_HSCL:[nan, 1.45, 1.73]	3_last_HSCL:[2.18, 2.0, 2.18]	3_first_HSCL_avg:nan	3_last_HSCL_avg:2.12	all_HSCL:[nan, 1.4545455, 1.7272727, 1.6363636, 1.8181818, 1.8181818, 1.8181818, 1.7272727, 1.8181818, 1.7272727, 1.8181818, 2.0, 1.9090909, 1.7272727, 1.8181818, 1.8181818, 1.9090909, 2.0, 1.5454545, 1.9090909, 2.1818182, 2.0, 2.1818182]	dyad:עט
c_id:hs2752yc	3_first_sessions:[1, 2, 3]	3_last_sessions:[18, 17, 16]	3_first_HSCL:[nan, nan, 1.45]	3_last_HSCL:[1.64, 1.73, 1.09]	3_first_HSCL_avg:nan	3_last_HSCL_avg:1.48	all_HSCL:[nan, nan, 1.4545455, 1.3636364, 1.4545455, 1.0909091, 1.2727273, 1.2727273, 1.4545455, 1.4545455, 1.0909091, 1.3636364, 1.6363636, 1.5454545, 1.7272727, 1.0909091, 1.7272727, 1.6363636]	dyad:נט
c_id:zb2882lp	3_first_sessions:[1, 2, 3]	3_last_sessions:[24, 23, 22]	3_first_HSCL:[nan, 1.64, nan]	3_last_HSCL:[1.18, 1.0, 1.0]	3_first_HSCL_avg:nan	3_last_HSCL_avg:1.06	all_HSCL:[nan, 1.6363636, nan, nan, nan, 1.4545455, 1.0, 1.0, nan, nan, 1.8181818, 1.0, 2.0909091, 1.0, 1.1818182, 1.1818182, 2.0909091, 2.0, 1.3636364, 1.1818182, nan, 1.0, 1.0, 1.1818182]	dyad:עד
c_id:mg2935mh	3_first_sessions:[1, 2, 3]	3_last_sessions:[25, 24, 23]	3_first_HSCL:[nan, 1.27, 1.18]	3_last_HSCL:[2.0, 1.55, 1.45]	3_first_HSCL_avg:nan	3_last_HSCL_avg:1.67	all_HSCL:[nan, 1.2727273, 1.1818182, 1.0, 1.0, 1.8181818, 1.5454545, nan, 1.4545455, 1.5454545, 1.3636364, 1.2727273, nan, 1.8181818, 1.3636364, 1.1818182, 1.0909091, 1.0, 1.3636364, 1.4545455, 1.4545455, nan, 1.4545455, 1.5454545, 2.0]	dyad:נג
c_id:mp3126ds	3_first_sessions:[1, 2, 3]	3_last_sessions:[30, 29, 28]	3_first_HSCL:[nan, 2.18, 2.36]	3_last_HSCL:[1.55, 1.45, 1.36]	3_first_HSCL_avg:nan	3_last_HSCL_avg:1.45	all_HSCL:[nan, 2.1818182, 2.3636364, 2.4545455, 1.6363636, 1.6363636, 1.8181818, 1.8181818, 1.8181818, nan, 1.8181818, 2.6363636, 2.1818182, 2.0, 2.2727273, 2.0909091, 1.5454545, 1.8181818, 1.6363636, 1.5454545, 1.3636364, 1.5454545, 1.5454545, 1.5454545, 1.5454545, 1.3636364, 1.4545455, 1.3636364, 1.4545455, 1.5454545]	dyad:N/A
c_id:kk3127na	3_first_sessions:[20, 21, 22]	3_last_sessions:[29, 28, 27]	3_first_HSCL:[2.27, 2.27, 2.45]	3_last_HSCL:[2.64, 2.91, 3.09]	3_first_HSCL_avg:2.33	3_last_HSCL_avg:2.88	all_HSCL:[2.2727273, 2.2727273, 2.4545455, 2.9090909, 2.5454545, 2.3636364, 2.8181818, 3.0909091, 2.9090909, 2.6363636]	dyad:N/A
c_id:gm3174ig	3_first_sessions:[1, 2, 3]	3_last_sessions:[33, 32, 31]	3_first_HSCL:[nan, 2.27, 2.82]	3_last_HSCL:[2.73, 2.64, 2.55]	3_first_HSCL_avg:nan	3_last_HSCL_avg:2.64	all_HSCL:[nan, 2.2727273, 2.8181818, 2.3636364, 2.2727273, 2.9090909, 2.3636364, 3.1818182, 2.7272727, 2.8181818, 2.6363636, 3.0, 2.4545455, 2.6363636, 2.8181818, 3.0, 2.5454545, 2.4545455, 2.5454545, 2.6363636, 2.1818182, 2.3636364, 2.4545455, 3.0909091, 2.2727273, 3.0, nan, 2.5454545, 3.0909091, 2.5454545, 2.5454545, 2.6363636, 2.7272727]	dyad:N/A
c_id:eh3191iv	3_first_sessions:[1, 2, 3]	3_last_sessions:[17, 16, 15]	3_first_HSCL:[nan, nan, 1.27]	3_last_HSCL:[nan, 1.27, 1.0]	3_first_HSCL_avg:nan	3_last_HSCL_avg:nan	all_HSCL:[nan, nan, 1.2727273, 1.5454545, 1.3636364, 1.4545455, 1.4545455, 1.2727273, 1.3636364, nan, 1.2727273, 1.3636364, 1.4545455, 1.3636364, 1.0, 1.2727273, nan]	dyad:N/A
c_id:zh3347zm	3_first_sessions:[1, 2, 3]	3_last_sessions:[28, 27, 26]	3_first_HSCL:[nan, 1.82, 1.91]	3_last_HSCL:[1.73, 1.91, 1.91]	3_first_HSCL_avg:nan	3_last_HSCL_avg:1.85	all_HSCL:[nan, 1.8181818, 1.9090909, 1.6363636, 1.6363636, 1.5454545, 1.6363636, 1.9090909, 1.6363636, 1.6363636, 1.6363636, 1.7272727, 1.7272727, 1.8181818, 1.5454545, 1.7272727, 1.8181818, 1.8181818, 1.8181818, 1.7272727, 1.9090909, 1.8181818, nan, 1.8181818, 1.8181818, 1.9090909, 1.9090909, 1.7272727]	dyad:עח
c_id:yo3415lf	3_first_sessions:[1, 2, 3]	3_last_sessions:[38, 37, 36]	3_first_HSCL:[nan, 2.45, 2.18]	3_last_HSCL:[1.64, 1.64, 1.73]	3_first_HSCL_avg:nan	3_last_HSCL_avg:1.67	all_HSCL:[nan, 2.4545455, 2.1818182, 2.0, 1.8181818, 1.6363636, 1.8181818, 2.1818182, 1.9090909, nan, 2.1818182, nan, 2.5454545, nan, 2.4545455, nan, 2.0, nan, 2.0, 1.6363636, nan, nan, 1.7272727, nan, nan, nan, nan, 1.5454545, nan, nan, nan, 1.8181818, 1.3636364, nan, 1.5454545, 1.7272727, 1.6363636, 1.6363636]	dyad:N/A
c_id:rc3422df	3_first_sessions:[1, 2, 3]	3_last_sessions:[30, 29, 28]	3_first_HSCL:[nan, 2.09, 2.0]	3_last_HSCL:[2.0, 1.55, 1.45]	3_first_HSCL_avg:nan	3_last_HSCL_avg:1.67	all_HSCL:[nan, 2.0909091, 2.0, 1.7272727, 2.2727273, 1.7272727, 1.9090909, 1.7272727, 1.7272727, 1.6363636, 1.4545455, 1.5454545, 1.4545455, 1.6363636, 1.6363636, 1.3636364, 2.0, 2.0, 1.4545455, 2.2727273, 1.7272727, 1.8181818, 2.0909091, 1.0909091, 1.8181818, 1.6363636, 1.3636364, 1.4545455, 1.5454545, 2.0]	dyad:N/A
c_id:sp3427dk	3_first_sessions:[1, 2, 3]	3_last_sessions:[30, 29, 28]	3_first_HSCL:[nan, 2.91, 2.64]	3_last_HSCL:[1.55, 1.36, 1.45]	3_first_HSCL_avg:nan	3_last_HSCL_avg:1.45	all_HSCL:[nan, 2.9090909, 2.6363636, nan, 2.1818182, 2.0, 1.6363636, 1.7272727, 2.0, 2.2727273, nan, 2.0909091, 1.1818182, 1.8181818, 1.8181818, 1.3636364, 2.0, 1.3636364, 1.2727273, 1.6363636, 1.0909091, 1.1818182, 1.7272727, 2.0909091, 1.7272727, 1.2727273, 1.6363636, 1.4545455, 1.3636364, 1.5454545]	dyad:מה
c_id:kh3433lp	3_first_sessions:[1, 2, 3]	3_last_sessions:[34, 33, 32]	3_first_HSCL:[nan, 1.36, 1.55]	3_last_HSCL:[1.18, 1.09, nan]	3_first_HSCL_avg:nan	3_last_HSCL_avg:nan	all_HSCL:[nan, 1.3636364, 1.5454545, 1.5454545, 1.0909091, 1.1818182, 1.0909091, 1.0, 1.0909091, 1.1818182, 1.0, 1.0909091, 1.0909091, 1.0, 1.0909091, 1.0909091, 1.0, 1.0, nan, nan, 1.2727273, 1.5454545, 1.0, 1.4545455, 1.2727273, 1.0, 1.5454545, 1.0909091, 1.4545455, 1.4545455, 1.0909091, nan, 1.0909091, 1.1818182]	dyad:N/A
c_id:et3466ns	3_first_sessions:[1, 2, 3]	3_last_sessions:[34, 33, 32]	3_first_HSCL:[nan, 1.82, 1.91]	3_last_HSCL:[nan, 1.91, 2.27]	3_first_HSCL_avg:nan	3_last_HSCL_avg:nan	all_HSCL:[nan, 1.8181818, 1.9090909, 1.9090909, 1.8181818, 1.8181818, 1.9090909, 1.9090909, 1.9090909, nan, 1.7272727, 1.9090909, 1.9090909, 1.9090909, 1.8181818, 1.8181818, 1.8181818, 1.7272727, 1.9090909, 1.8181818, 1.9090909, 1.9090909, 1.8181818, 1.9090909, 1.8181818, 1.8181818, 1.8181818, 1.8181818, 1.8181818, 1.9090909, 2.0, 2.2727273, 1.9090909, nan]	dyad:לז
c_id:dn3513rr	3_first_sessions:[1, 2, 3]	3_last_sessions:[7, 6, 5]	3_first_HSCL:[nan, nan, nan]	3_last_HSCL:[3.36, 3.36, nan]	3_first_HSCL_avg:nan	3_last_HSCL_avg:nan	all_HSCL:[nan, nan, nan, 2.6363636, nan, 3.3636364, 3.3636364]	dyad:N/A
c_id:ss3633me	3_first_sessions:[1, 2]	3_last_sessions:[1, 2]	3_first_HSCL:[nan, nan]	3_last_HSCL:[nan, nan]	3_first_HSCL_avg:N/A	3_last_HSCL_avg:N/A	all_HSCL:[nan, nan]	dyad:N/A
c_id:as3645mg	3_first_sessions:[1, 2, 3]	3_last_sessions:[11, 10, 9]	3_first_HSCL:[nan, 1.64, 1.73]	3_last_HSCL:[2.36, 2.09, 1.55]	3_first_HSCL_avg:nan	3_last_HSCL_avg:2.0	all_HSCL:[nan, 1.6363636, 1.7272727, nan, 2.0909091, 1.9090909, 1.5454545, 2.7272727, 1.5454545, 2.0909091, 2.3636364]	dyad:N/A
c_id:hs3666ob	3_first_sessions:[1, 2, 3]	3_last_sessions:[25, 24, 23]	3_first_HSCL:[nan, 1.73, 2.0]	3_last_HSCL:[2.27, 1.91, 2.36]	3_first_HSCL_avg:nan	3_last_HSCL_avg:2.18	all_HSCL:[nan, 1.7272727, 2.0, 2.2727273, 2.0909091, 1.5454545, 2.1818182, 1.9090909, 2.1818182, 2.4545455, 1.6363636, 2.1818182, 2.0, 2.0, 2.0909091, 1.8181818, 2.3636364, 1.8181818, 1.7272727, 1.6363636, 2.0909091, 1.2727273, 2.3636364, 1.9090909, 2.2727273]	dyad:לח
c_id:oyh3748os	3_first_sessions:[1, 2, 3]	3_last_sessions:[10, 9, 8]	3_first_HSCL:[nan, 2.09, 1.91]	3_last_HSCL:[1.45, 1.82, 2.0]	3_first_HSCL_avg:nan	3_last_HSCL_avg:1.76	all_HSCL:[nan, 2.0909091, 1.9090909, 2.0909091, 1.7272727, 1.4545455, 1.6363636, 2.0, 1.8181818, 1.4545455]	dyad:N/A
c_id:sa3768yc	3_first_sessions:[1, 2, 3]	3_last_sessions:[16, 15, 14]	3_first_HSCL:[nan, 1.27, 1.27]	3_last_HSCL:[1.18, 1.27, 1.18]	3_first_HSCL_avg:nan	3_last_HSCL_avg:1.21	all_HSCL:[nan, 1.2727273, 1.2727273, nan, 1.0909091, nan, nan, 3.9090909, 1.0909091, 1.0, 1.0909091, 1.1818182, nan, 1.1818182, 1.2727273, 1.1818182]	dyad:N/A
c_id:nb3956ik	3_first_sessions:[1, 2, 3]	3_last_sessions:[20, 19, 18]	3_first_HSCL:[nan, 1.91, 1.82]	3_last_HSCL:[3.09, 1.55, 1.55]	3_first_HSCL_avg:nan	3_last_HSCL_avg:2.06	all_HSCL:[nan, 1.9090909, 1.8181818, 1.4545455, 1.6363636, 1.3636364, 1.2727273, 1.4545455, 1.2727273, 1.4545455, 1.5454545, 1.6363636, 1.6363636, 1.6363636, 1.7272727, 1.5454545, 1.4545455, 1.5454545, 1.5454545, 3.0909091]	dyad:N/A
c_id:pn3964th	3_first_sessions:[1, 2, 3]	3_last_sessions:[3, 2, 1]	3_first_HSCL:[nan, 2.09, 1.73]	3_last_HSCL:[1.73, 2.09, nan]	3_first_HSCL_avg:nan	3_last_HSCL_avg:nan	all_HSCL:[nan, 2.0909091, 1.7272727]	dyad:N/A
c_id:ob4077eb	3_first_sessions:[1, 2]	3_last_sessions:[1, 2]	3_first_HSCL:[nan, 1.9090909]	3_last_HSCL:[nan, 1.9090909]	3_first_HSCL_avg:N/A	3_last_HSCL_avg:N/A	all_HSCL:[nan, 1.9090909]	dyad:N/A
c_id:yb4177af	3_first_sessions:[1, 2, 3]	3_last_sessions:[25, 24, 23]	3_first_HSCL:[nan, 2.0, 2.36]	3_last_HSCL:[2.0, 1.73, 1.82]	3_first_HSCL_avg:nan	3_last_HSCL_avg:1.85	all_HSCL:[nan, 2.0, 2.3636364, 2.2727273, 2.5454545, 2.0, 1.9090909, 1.9090909, 2.0, 1.8181818, 1.8181818, 2.1818182, 2.0, 1.8181818, 2.0909091, 2.0, 2.0, 1.9090909, 1.7272727, 1.8181818, 2.0909091, 1.9090909, 1.8181818, 1.7272727, 2.0]	dyad:N/A
c_id:te4202md	3_first_sessions:[1, 2, 3]	3_last_sessions:[20, 19, 18]	3_first_HSCL:[nan, 1.82, 1.64]	3_last_HSCL:[1.18, 1.27, nan]	3_first_HSCL_avg:nan	3_last_HSCL_avg:nan	all_HSCL:[nan, 1.8181818, 1.6363636, 2.1818182, 1.8181818, 1.7272727, 1.6363636, 2.1818182, 2.2727273, 1.7272727, 1.3636364, 1.7272727, 1.5454545, 2.0909091, 1.6363636, 1.0909091, 1.6363636, nan, 1.2727273, 1.1818182]	dyad:פא
c_id:zs4273sl	3_first_sessions:[1, 2, 3]	3_last_sessions:[8, 7, 6]	3_first_HSCL:[nan, 3.09, 2.18]	3_last_HSCL:[2.27, 2.91, 2.64]	3_first_HSCL_avg:nan	3_last_HSCL_avg:2.61	all_HSCL:[nan, 3.0909091, 2.1818182, 2.5454545, 2.8181818, 2.6363636, 2.9090909, 2.2727273]	dyad:N/A
c_id:th4417sc	3_first_sessions:[1, 2, 3]	3_last_sessions:[25, 24, 23]	3_first_HSCL:[nan, 2.0, 1.64]	3_last_HSCL:[1.36, 1.73, 1.64]	3_first_HSCL_avg:nan	3_last_HSCL_avg:1.58	all_HSCL:[nan, 2.0, 1.6363636, 1.6363636, 1.7272727, 1.7272727, 1.3636364, 1.9090909, 1.6363636, nan, 1.2727273, 1.4545455, 1.5454545, 1.5454545, 1.5454545, 1.5454545, 1.2727273, nan, 1.3636364, nan, 1.6363636, 1.5454545, 1.6363636, 1.7272727, 1.3636364]	dyad:N/A
c_id:gn4428ys	3_first_sessions:[1, 2, 3]	3_last_sessions:[25, 24, 23]	3_first_HSCL:[nan, 1.91, 2.09]	3_last_HSCL:[nan, 2.27, 2.18]	3_first_HSCL_avg:nan	3_last_HSCL_avg:nan	all_HSCL:[nan, 1.9090909, 2.0909091, 2.1818182, 2.4545455, 2.4545455, 2.2727273, 2.5454545, 2.3636364, 2.8181818, 2.1818182, 2.3636364, 2.1818182, 2.5454545, 2.0909091, 2.0909091, 2.1818182, 2.0909091, 2.0909091, nan, 2.2727273, 2.3636364, 2.1818182, 2.2727273, nan]	dyad:N/A
c_id:op4642gl	3_first_sessions:[1, 2, 3]	3_last_sessions:[17, 16, 15]	3_first_HSCL:[nan, 1.64, 1.64]	3_last_HSCL:[2.36, 1.18, 1.91]	3_first_HSCL_avg:nan	3_last_HSCL_avg:1.82	all_HSCL:[nan, 1.6363636, 1.6363636, 1.7272727, 1.6363636, 1.7272727, 1.8181818, 1.5454545, 1.3636364, 2.4545455, 1.8181818, 1.5454545, 2.0, 2.0, 1.9090909, 1.1818182, 2.3636364]	dyad:סה
c_id:bt4650sl	3_first_sessions:[1, 2, 3]	3_last_sessions:[10, 9, 8]	3_first_HSCL:[nan, 1.64, 1.64]	3_last_HSCL:[1.36, 1.64, 1.27]	3_first_HSCL_avg:nan	3_last_HSCL_avg:1.42	all_HSCL:[nan, 1.6363636, 1.6363636, 1.5454545, 1.1818182, 1.1818182, 2.0909091, 1.2727273, 1.6363636, 1.3636364]	dyad:N/A
c_id:tk4666nf	3_first_sessions:[1, 2, 3]	3_last_sessions:[30, 29, 28]	3_first_HSCL:[nan, 1.27, 1.27]	3_last_HSCL:[nan, 1.09, 1.27]	3_first_HSCL_avg:nan	3_last_HSCL_avg:nan	all_HSCL:[nan, 1.2727273, 1.2727273, 1.2727273, 1.1818182, 1.1818182, 1.8181818, 1.0909091, 1.0909091, 1.0, 1.3636364, 1.2727273, 1.2727273, 1.4545455, 1.4545455, 1.3636364, 1.2727273, 1.0909091, 1.2727273, 1.5454545, 1.2727273, 1.2727273, 1.6363636, 1.5454545, 1.4545455, 1.1818182, 1.1818182, 1.2727273, 1.0909091, nan]	dyad:מט
c_id:zr4705tk	3_first_sessions:[1, 2, 3]	3_last_sessions:[31, 30, 29]	3_first_HSCL:[nan, 1.64, 1.64]	3_last_HSCL:[1.18, 1.18, 1.36]	3_first_HSCL_avg:nan	3_last_HSCL_avg:1.24	all_HSCL:[nan, 1.6363636, 1.6363636, 1.7272727, 1.3636364, 1.7272727, 1.4545455, 1.4545455, 1.1818182, 1.7272727, 1.6363636, 1.6363636, 1.1818182, 1.3636364, 1.4545455, 1.3636364, 1.0909091, 1.3636364, 1.4545455, 1.2727273, 1.0909091, 1.1818182, 1.1818182, 1.1818182, 1.1818182, nan, 1.1818182, 1.0909091, 1.3636364, 1.1818182, 1.1818182]	dyad:עז
c_id:hg4768hk	3_first_sessions:[1, 2, 3]	3_last_sessions:[17, 16, 15]	3_first_HSCL:[nan, 1.91, 2.09]	3_last_HSCL:[2.18, 1.73, 2.27]	3_first_HSCL_avg:nan	3_last_HSCL_avg:2.06	all_HSCL:[nan, 1.9090909, 2.0909091, 2.4545455, 1.8181818, 1.9090909, 2.1818182, 2.0, 1.8181818, 1.7272727, 2.0909091, 2.1818182, 1.9090909, 2.1818182, 2.2727273, 1.7272727, 2.1818182]	dyad:נח
c_id:cb4861ts	3_first_sessions:[1, 2, 3]	3_last_sessions:[12, 11, 10]	3_first_HSCL:[nan, 1.36, nan]	3_last_HSCL:[nan, nan, nan]	3_first_HSCL_avg:nan	3_last_HSCL_avg:nan	all_HSCL:[nan, 1.3636364, nan, nan, nan, nan, nan, nan, nan, nan, nan, nan]	dyad:N/A
c_id:mb4888hs	3_first_sessions:[1, 2, 3]	3_last_sessions:[17, 16, 15]	3_first_HSCL:[nan, 1.45, 1.55]	3_last_HSCL:[nan, 1.36, 1.27]	3_first_HSCL_avg:nan	3_last_HSCL_avg:nan	all_HSCL:[nan, 1.4545455, 1.5454545, 1.2727273, 1.3636364, 1.3636364, 1.7272727, 1.5454545, 1.4545455, 1.4545455, 1.2727273, 1.3636364, 1.3636364, 1.4545455, 1.2727273, 1.3636364, nan]	dyad:N/A
c_id:ysr4934ss	3_first_sessions:[1, 2, 3]	3_last_sessions:[28, 27, 26]	3_first_HSCL:[nan, 1.82, 2.27]	3_last_HSCL:[2.36, 2.18, 2.55]	3_first_HSCL_avg:nan	3_last_HSCL_avg:2.36	all_HSCL:[nan, 1.8181818, 2.2727273, 2.5454545, 2.4545455, 2.7272727, 3.4545455, 3.0909091, 2.4545455, 2.4545455, 2.2727273, 2.6363636, 2.2727273, 2.3636364, 2.2727273, 2.1818182, 2.3636364, 2.5454545, 2.5454545, 2.8181818, 2.2727273, 2.4545455, 2.2727273, 2.4545455, 2.3636364, 2.5454545, 2.1818182, 2.3636364]	dyad:לט
c_id:sc4974lf	3_first_sessions:[1, 2, 3]	3_last_sessions:[5, 4, 3]	3_first_HSCL:[nan, 2.09, 2.36]	3_last_HSCL:[3.0, 2.0, 2.36]	3_first_HSCL_avg:nan	3_last_HSCL_avg:2.45	all_HSCL:[nan, 2.0909091, 2.3636364, 2.0, 3.0]	dyad:N/A
c_id:zb5000mg	3_first_sessions:[1, 2, 3]	3_last_sessions:[30, 29, 28]	3_first_HSCL:[nan, 1.73, 1.45]	3_last_HSCL:[1.09, 1.0, 1.0]	3_first_HSCL_avg:nan	3_last_HSCL_avg:1.03	all_HSCL:[nan, 1.7272727, 1.4545455, nan, 1.2727273, 1.3636364, 1.1818182, 1.0909091, 1.2727273, 1.1818182, 1.1818182, 1.2727273, nan, nan, 1.2727273, 1.0, 1.3636364, 1.3636364, 1.2727273, 1.2727273, 1.8181818, 1.2727273, 1.2727273, 1.0, nan, 1.1818182, 1.0, 1.0, 1.0, 1.0909091]	dyad:עה
c_id:ns5127nh	3_first_sessions:[1, 2, 3]	3_last_sessions:[29, 28, 27]	3_first_HSCL:[nan, 2.55, 2.55]	3_last_HSCL:[2.09, 1.64, 1.64]	3_first_HSCL_avg:nan	3_last_HSCL_avg:1.79	all_HSCL:[nan, 2.5454545, 2.5454545, 2.1818182, 1.6363636, 1.7272727, 1.8181818, 2.0909091, 2.0, 2.0, 1.9090909, 1.9090909, 1.9090909, 2.2727273, 2.2727273, 2.0, 2.2727273, 1.8181818, 1.7272727, 2.0909091, 1.6363636, 2.0, nan, 2.0, 2.0, 2.2727273, 1.6363636, 1.6363636, 2.0909091]	dyad:N/A
c_id:oi5204og	3_first_sessions:[1, 2, 3]	3_last_sessions:[18, 17, 16]	3_first_HSCL:[nan, 2.0, 1.45]	3_last_HSCL:[1.55, 1.45, 1.45]	3_first_HSCL_avg:nan	3_last_HSCL_avg:1.48	all_HSCL:[nan, 2.0, 1.4545455, 2.0909091, 1.4545455, 1.4545455, 1.6363636, 2.2727273, 1.1818182, 1.4545455, 1.3636364, 1.4545455, 1.5454545, 1.5454545, 2.0909091, 1.4545455, 1.4545455, 1.5454545]	dyad:N/A
c_id:ow5234ob	3_first_sessions:[1, 2, 3]	3_last_sessions:[29, 28, 27]	3_first_HSCL:[nan, 1.45, 1.55]	3_last_HSCL:[2.0, 2.18, 1.45]	3_first_HSCL_avg:nan	3_last_HSCL_avg:1.88	all_HSCL:[nan, 1.4545455, 1.5454545, 2.0, nan, nan, nan, 1.3636364, 1.6363636, 1.3636364, 1.2727273, 1.9090909, 1.4545455, 1.1818182, 1.4545455, 1.1818182, 1.7272727, 1.9090909, 1.9090909, 1.5454545, nan, nan, nan, 1.4545455, 1.3636364, 1.4545455, 1.4545455, 2.1818182, 2.0]	dyad:N/A
c_id:ds5239rt	3_first_sessions:[1, 2, 3]	3_last_sessions:[11, 10, 9]	3_first_HSCL:[nan, 1.55, 1.73]	3_last_HSCL:[1.64, 1.73, 1.73]	3_first_HSCL_avg:nan	3_last_HSCL_avg:1.7	all_HSCL:[nan, 1.5454545, 1.7272727, 1.3636364, nan, nan, nan, 1.9090909, 1.7272727, 1.7272727, 1.6363636]	dyad:N/A
c_id:rm5305gb	3_first_sessions:[1, 2, 3]	3_last_sessions:[17, 16, 15]	3_first_HSCL:[nan, nan, nan]	3_last_HSCL:[nan, nan, nan]	3_first_HSCL_avg:nan	3_last_HSCL_avg:nan	all_HSCL:[nan, nan, nan, nan, nan, nan, nan, nan, nan, nan, nan, nan, nan, nan, nan, nan, nan]	dyad:N/A
c_id:hs5419ns	3_first_sessions:[1, 2, 3]	3_last_sessions:[17, 16, 15]	3_first_HSCL:[nan, 2.09, 2.55]	3_last_HSCL:[1.0, 3.0, 2.55]	3_first_HSCL_avg:nan	3_last_HSCL_avg:2.18	all_HSCL:[nan, 2.0909091, 2.5454545, 3.7272727, 2.0, 2.8181818, 2.7272727, 2.0, 2.8181818, 3.0, 2.0909091, 1.5454545, 1.9090909, 3.9090909, 2.5454545, 3.0, 1.0]	dyad:N/A
c_id:lp5450eb	3_first_sessions:[1, 2, 3]	3_last_sessions:[18, 17, 16]	3_first_HSCL:[nan, 2.27, 1.55]	3_last_HSCL:[1.91, 2.09, 1.73]	3_first_HSCL_avg:nan	3_last_HSCL_avg:1.91	all_HSCL:[nan, 2.2727273, 1.5454545, 3.1818182, nan, nan, 1.8181818, 1.8181818, 1.7272727, 1.8181818, 2.3636364, 1.7272727, 1.8181818, 1.8181818, 1.3636364, 1.7272727, 2.0909091, 1.9090909]	dyad:מב
c_id:sl5582nb	3_first_sessions:[1, 2, 3]	3_last_sessions:[31, 30, 29]	3_first_HSCL:[nan, 1.82, 1.91]	3_last_HSCL:[nan, 1.45, 1.36]	3_first_HSCL_avg:nan	3_last_HSCL_avg:nan	all_HSCL:[nan, 1.8181818, 1.9090909, 2.0909091, 1.7272727, 1.6363636, 1.7272727, 1.9090909, 1.5454545, 1.9090909, 1.5454545, 2.0, 1.6363636, 1.8181818, 1.9090909, 1.4545455, 1.6363636, 1.6363636, 1.3636364, 1.5454545, 3.0909091, 1.3636364, 1.6363636, 1.4545455, 1.4545455, 1.6363636, 1.7272727, 1.4545455, 1.3636364, 1.4545455, nan]	dyad:N/A
c_id:zg5643nd	3_first_sessions:[1, 2, 3]	3_last_sessions:[3, 2, 1]	3_first_HSCL:[1.55, nan, 1.64]	3_last_HSCL:[1.64, nan, 1.55]	3_first_HSCL_avg:nan	3_last_HSCL_avg:nan	all_HSCL:[1.5454545, nan, 1.6363636]	dyad:N/A
c_id:ca5735rb	3_first_sessions:[1, 2, 3]	3_last_sessions:[24, 23, 22]	3_first_HSCL:[nan, 2.0, 1.91]	3_last_HSCL:[2.0, 1.73, 2.0]	3_first_HSCL_avg:nan	3_last_HSCL_avg:1.91	all_HSCL:[nan, 2.0, 1.9090909, 1.7272727, 2.0, 1.8181818, 1.6363636, 2.0, 1.7272727, 1.3636364, 1.7272727, 1.4545455, 2.0909091, 2.0, 1.9090909, 1.6363636, 1.6363636, 2.2727273, 1.5454545, 1.7272727, 2.0, 2.0, 1.7272727, 2.0]	dyad:N/A
c_id:sv5742hf	3_first_sessions:[1, 2]	3_last_sessions:[1, 2]	3_first_HSCL:[nan, 2.9090909]	3_last_HSCL:[nan, 2.9090909]	3_first_HSCL_avg:N/A	3_last_HSCL_avg:N/A	all_HSCL:[nan, 2.9090909]	dyad:N/A
c_id:hk5746ug	3_first_sessions:[1, 2, 3]	3_last_sessions:[24, 23, 22]	3_first_HSCL:[nan, 3.0, 2.09]	3_last_HSCL:[1.91, 1.45, 1.82]	3_first_HSCL_avg:nan	3_last_HSCL_avg:1.73	all_HSCL:[nan, 3.0, 2.0909091, 1.4545455, nan, 2.0909091, 1.7272727, 1.6363636, 1.8181818, 2.2727273, 1.7272727, 2.7272727, 2.0909091, 1.9090909, 1.8181818, 1.6363636, 1.6363636, 1.3636364, 1.5454545, 1.2727273, 1.8181818, 1.8181818, 1.4545455, 1.9090909]	dyad:N/A
c_id:eu5794nh	3_first_sessions:[1, 2, 3]	3_last_sessions:[30, 29, 28]	3_first_HSCL:[nan, 2.18, 1.55]	3_last_HSCL:[nan, 2.36, 2.09]	3_first_HSCL_avg:nan	3_last_HSCL_avg:nan	all_HSCL:[nan, 2.1818182, 1.5454545, 2.0, 1.8181818, 1.8181818, 1.9090909, 2.0, 1.9090909, 2.0, 1.8181818, 2.0909091, 1.7272727, 2.2727273, 1.8181818, 2.1818182, 2.1818182, 1.9090909, 2.0909091, 2.0909091, 1.9090909, 4.0, 2.0, 2.1818182, 2.0, 2.0, 2.0909091, 2.0909091, 2.3636364, nan]	dyad:N/A
c_id:nm5845mt	3_first_sessions:[1, 2]	3_last_sessions:[1, 2]	3_first_HSCL:[nan, nan]	3_last_HSCL:[nan, nan]	3_first_HSCL_avg:N/A	3_last_HSCL_avg:N/A	all_HSCL:[nan, nan]	dyad:N/A
c_id:hb5878yc	3_first_sessions:[1, 2, 3]	3_last_sessions:[4, 3, 2]	3_first_HSCL:[nan, 1.18, 1.18]	3_last_HSCL:[1.18, 1.18, 1.18]	3_first_HSCL_avg:nan	3_last_HSCL_avg:1.18	all_HSCL:[nan, 1.1818182, 1.1818182, 1.1818182]	dyad:N/A
c_id:lm5890hf	3_first_sessions:[1, 2, 3]	3_last_sessions:[25, 24, 23]	3_first_HSCL:[nan, nan, 2.18]	3_last_HSCL:[3.0, 2.82, 2.91]	3_first_HSCL_avg:nan	3_last_HSCL_avg:2.91	all_HSCL:[nan, nan, 2.1818182, 2.0909091, 2.4545455, 2.4545455, 2.0909091, 2.0, 2.2727273, 2.0909091, 2.2727273, 2.1818182, 2.5454545, 2.4545455, 2.8181818, 2.7272727, 2.6363636, 3.0, 2.7272727, 2.6363636, 2.9090909, 2.6363636, 2.9090909, 2.8181818, 3.0]	dyad:N/A
c_id:al5982ys	3_first_sessions:[1, 2, 3]	3_last_sessions:[14, 13, 12]	3_first_HSCL:[nan, 1.82, 1.82]	3_last_HSCL:[1.27, 1.45, 1.36]	3_first_HSCL_avg:nan	3_last_HSCL_avg:1.36	all_HSCL:[nan, 1.8181818, 1.8181818, 1.4545455, nan, nan, 1.9090909, 1.4545455, 2.0, 1.4545455, 1.0909091, 1.3636364, 1.4545455, 1.2727273]	dyad:N/A
c_id:cp6176ss	3_first_sessions:[1]	3_last_sessions:[1]	3_first_HSCL:[nan]	3_last_HSCL:[nan]	3_first_HSCL_avg:N/A	3_last_HSCL_avg:N/A	all_HSCL:[nan]	dyad:N/A
c_id:ts6231hf	3_first_sessions:[1, 2, 3]	3_last_sessions:[3, 2, 1]	3_first_HSCL:[nan, nan, 1.0]	3_last_HSCL:[1.0, nan, nan]	3_first_HSCL_avg:nan	3_last_HSCL_avg:nan	all_HSCL:[nan, nan, 1.0]	dyad:N/A
c_id:kh6244nb	3_first_sessions:[1, 2, 3]	3_last_sessions:[18, 17, 16]	3_first_HSCL:[nan, nan, 1.36]	3_last_HSCL:[1.45, 1.45, 1.36]	3_first_HSCL_avg:nan	3_last_HSCL_avg:1.42	all_HSCL:[nan, nan, 1.3636364, 1.2727273, 1.3636364, 1.2727273, 1.2727273, 1.3636364, 1.3636364, 1.3636364, 1.1818182, 1.3636364, 1.3636364, 1.3636364, 1.3636364, 1.3636364, 1.4545455, 1.4545455]	dyad:N/A
c_id:eia6296ys	3_first_sessions:[1, 2, 3]	3_last_sessions:[7, 6, 5]	3_first_HSCL:[nan, nan, 2.09]	3_last_HSCL:[1.91, 1.45, 1.73]	3_first_HSCL_avg:nan	3_last_HSCL_avg:1.7	all_HSCL:[nan, nan, 2.0909091, 1.8181818, 1.7272727, 1.4545455, 1.9090909]	dyad:N/A
c_id:rb6324ez	3_first_sessions:[1, 2, 3]	3_last_sessions:[16, 15, 14]	3_first_HSCL:[nan, nan, 1.0]	3_last_HSCL:[nan, nan, nan]	3_first_HSCL_avg:nan	3_last_HSCL_avg:nan	all_HSCL:[nan, nan, 1.0, nan, 1.0, nan, 1.0, nan, nan, nan, nan, nan, nan, nan, nan, nan]	dyad:N/A
c_id:id6384or	3_first_sessions:[1, 2, 3]	3_last_sessions:[6, 5, 4]	3_first_HSCL:[nan, 1.82, 2.73]	3_last_HSCL:[2.09, 1.55, 2.0]	3_first_HSCL_avg:nan	3_last_HSCL_avg:1.88	all_HSCL:[nan, 1.8181818, 2.7272727, 2.0, 1.5454545, 2.0909091]	dyad:N/A
c_id:sk6529af	3_first_sessions:[1, 2, 3]	3_last_sessions:[20, 19, 18]	3_first_HSCL:[1.64, nan, nan]	3_last_HSCL:[nan, 1.82, 2.18]	3_first_HSCL_avg:nan	3_last_HSCL_avg:nan	all_HSCL:[1.6363636, nan, nan, 1.8181818, 1.9090909, 1.6363636, 2.0909091, 1.7272727, 1.7272727, 1.7272727, 1.8181818, 1.8181818, 1.9090909, 1.7272727, nan, 2.0909091, 2.0, 2.1818182, 1.8181818, nan]	dyad:N/A
c_id:ro6603lp	3_first_sessions:[1, 2, 3]	3_last_sessions:[37, 36, 35]	3_first_HSCL:[nan, 1.64, 1.55]	3_last_HSCL:[1.73, 1.73, 1.73]	3_first_HSCL_avg:nan	3_last_HSCL_avg:1.73	all_HSCL:[nan, 1.6363636, 1.5454545, 1.2727273, 1.4545455, 1.6363636, 1.7272727, 1.3636364, 1.5454545, 1.4545455, 1.3636364, 1.4545455, 1.3636364, 1.2727273, 1.4545455, 1.9090909, 2.2727273, 2.0, 1.3636364, 1.6363636, 1.6363636, 1.9090909, 1.4545455, 1.5454545, 1.2727273, 1.3636364, 1.7272727, 1.8181818, 1.8181818, 1.9090909, 1.4545455, 1.9090909, 1.9090909, nan, 1.7272727, 1.7272727, 1.7272727]	dyad:N/A
c_id:nm6656sm	3_first_sessions:[1, 2, 3]	3_last_sessions:[35, 34, 33]	3_first_HSCL:[nan, 1.91, 1.82]	3_last_HSCL:[1.73, 1.82, 1.73]	3_first_HSCL_avg:nan	3_last_HSCL_avg:1.76	all_HSCL:[nan, 1.9090909, 1.8181818, 1.7272727, 2.0, 1.9090909, 1.9090909, 2.0, 2.0909091, 2.1818182, 2.1818182, 2.8181818, 2.4545455, 1.8181818, 2.0909091, 1.9090909, 1.9090909, 2.0909091, 2.0, 2.0909091, 2.1818182, 2.0909091, nan, 2.3636364, 2.2727273, 2.0909091, 2.1818182, 2.0909091, 2.3636364, 2.3636364, 1.9090909, 2.0909091, 1.7272727, 1.8181818, 1.7272727]	dyad:N/A
c_id:gm6777ra	3_first_sessions:[1, 2, 3]	3_last_sessions:[21, 20, 19]	3_first_HSCL:[nan, nan, nan]	3_last_HSCL:[1.73, 1.18, 1.0]	3_first_HSCL_avg:nan	3_last_HSCL_avg:1.3	all_HSCL:[nan, nan, nan, 1.5454545, 1.3636364, 1.6363636, 2.0909091, nan, 1.1818182, 1.3636364, 1.9090909, 3.8181818, 4.0, 2.0, 1.0, 1.9090909, 1.7272727, 1.0, 1.0, 1.1818182, 1.7272727]	dyad:N/A
c_id:sr6950nk	3_first_sessions:[1, 2, 3]	3_last_sessions:[29, 28, 27]	3_first_HSCL:[nan, 2.18, 2.36]	3_last_HSCL:[nan, 1.0, 1.55]	3_first_HSCL_avg:nan	3_last_HSCL_avg:nan	all_HSCL:[nan, 2.1818182, 2.3636364, 1.4545455, 1.5454545, 1.4545455, 1.4545455, 1.8181818, 1.3636364, 1.1818182, 1.5454545, 1.9090909, 2.0, 1.3636364, 1.1818182, 1.1818182, 1.0, 1.0909091, 1.1818182, 1.1818182, 1.0, nan, 1.0, 1.0, 1.3636364, 1.0, 1.5454545, 1.0, nan]	dyad:סט
c_id:ma7060sg	3_first_sessions:[1, 2, 3]	3_last_sessions:[26, 25, 24]	3_first_HSCL:[nan, 1.45, 1.36]	3_last_HSCL:[1.18, 1.36, 1.18]	3_first_HSCL_avg:nan	3_last_HSCL_avg:1.24	all_HSCL:[nan, 1.4545455, 1.3636364, 1.1818182, 1.1818182, 1.2727273, 1.1818182, 1.4545455, 1.1818182, 1.2727273, 1.2727273, 1.1818182, 1.1818182, 1.1818182, 1.1818182, 1.1818182, 1.3636364, 1.6363636, 1.7272727, 1.2727273, 1.3636364, 1.1818182, 1.1818182, 1.1818182, 1.3636364, 1.1818182]	dyad:מא
c_id:dm7065im	3_first_sessions:[1, 2, 3]	3_last_sessions:[27, 26, 25]	3_first_HSCL:[nan, 1.0, 1.18]	3_last_HSCL:[3.27, 1.64, 1.27]	3_first_HSCL_avg:nan	3_last_HSCL_avg:2.06	all_HSCL:[nan, 1.0, 1.1818182, 1.0909091, 1.6363636, 1.2727273, 1.0909091, 1.1818182, 2.0909091, 1.3636364, 1.0, 1.0, 3.5454545, 1.5454545, 1.3636364, 3.2727273, 1.4545455, 1.0, 3.8181818, 1.0909091, 1.5454545, 1.1818182, 1.2727273, 1.6363636, 1.2727273, 1.6363636, 3.2727273]	dyad:מד
c_id:re7272mg	3_first_sessions:[1, 2, 3]	3_last_sessions:[18, 17, 16]	3_first_HSCL:[nan, 2.18, 2.0]	3_last_HSCL:[2.64, 1.82, 1.64]	3_first_HSCL_avg:nan	3_last_HSCL_avg:2.03	all_HSCL:[nan, 2.1818182, 2.0, 1.5454545, 2.1818182, 2.0909091, nan, 1.7272727, 1.9090909, 2.2727273, 1.2727273, 1.5454545, 1.9090909, 1.6363636, 1.7272727, 1.6363636, 1.8181818, 2.6363636]	dyad:סו
c_id:hf7415zv	3_first_sessions:[1, 2, 3]	3_last_sessions:[15, 14, 13]	3_first_HSCL:[nan, 1.91, 1.82]	3_last_HSCL:[nan, 1.64, 1.73]	3_first_HSCL_avg:nan	3_last_HSCL_avg:nan	all_HSCL:[nan, 1.9090909, 1.8181818, 1.5454545, 1.5454545, 1.5454545, 1.4545455, nan, 1.5454545, nan, 1.5454545, 1.5454545, 1.7272727, 1.6363636, nan]	dyad:N/A
c_id:rk7519th	3_first_sessions:[1, 2]	3_last_sessions:[1, 2]	3_first_HSCL:[2.0, 1.8181818]	3_last_HSCL:[2.0, 1.8181818]	3_first_HSCL_avg:N/A	3_last_HSCL_avg:N/A	all_HSCL:[2.0, 1.8181818]	dyad:N/A
c_id:zg7713eb	3_first_sessions:[1, 2, 3]	3_last_sessions:[19, 18, 17]	3_first_HSCL:[nan, 2.45, 2.36]	3_last_HSCL:[2.64, 2.27, 2.27]	3_first_HSCL_avg:nan	3_last_HSCL_avg:2.39	all_HSCL:[nan, 2.4545455, 2.3636364, 2.2727273, 2.6363636, 2.9090909, 2.7272727, 2.8181818, 2.9090909, 2.9090909, 3.0909091, nan, 2.2727273, 2.6363636, 2.4545455, 2.7272727, 2.2727273, 2.2727273, 2.6363636]	dyad:עו
c_id:ol7770nk	3_first_sessions:[1, 2, 3]	3_last_sessions:[30, 29, 28]	3_first_HSCL:[nan, 2.64, 2.36]	3_last_HSCL:[nan, 2.09, 1.73]	3_first_HSCL_avg:nan	3_last_HSCL_avg:nan	all_HSCL:[nan, 2.6363636, 2.3636364, 2.4545455, 2.0909091, 1.7272727, 2.2727273, 2.2727273, 2.0, 1.8181818, 1.8181818, 1.7272727, 1.6363636, 2.0909091, 1.7272727, 2.0909091, 1.5454545, 1.5454545, 1.5454545, 1.7272727, 1.4545455, nan, 1.7272727, nan, 1.6363636, 1.1818182, 1.5454545, 1.7272727, 2.0909091, nan]	dyad:N/A
c_id:sg8006sb	3_first_sessions:[1, 2, 3]	3_last_sessions:[18, 17, 16]	3_first_HSCL:[nan, 1.36, 1.55]	3_last_HSCL:[1.27, 1.36, 1.18]	3_first_HSCL_avg:nan	3_last_HSCL_avg:1.27	all_HSCL:[nan, 1.3636364, 1.5454545, 1.6363636, 1.6363636, 1.5454545, 1.6363636, 1.5454545, 1.5454545, 1.5454545, 1.2727273, 1.4545455, 1.4545455, 1.4545455, 2.0909091, 1.1818182, 1.3636364, 1.2727273]	dyad:N/A
c_id:om8107rk	3_first_sessions:[1, 2, 3]	3_last_sessions:[25, 24, 23]	3_first_HSCL:[nan, 2.09, 1.73]	3_last_HSCL:[nan, 1.09, 1.64]	3_first_HSCL_avg:nan	3_last_HSCL_avg:nan	all_HSCL:[nan, 2.0909091, 1.7272727, 2.0909091, 1.7272727, 2.0, 1.4545455, 1.6363636, 1.8181818, 1.7272727, 1.7272727, 1.3636364, 1.8181818, 2.0, 1.7272727, 1.6363636, 1.4545455, nan, 2.1818182, 1.9090909, 2.0909091, 1.6363636, 1.6363636, 1.0909091, nan]	dyad:N/A
c_id:ss8230ig	3_first_sessions:[1, 2, 3]	3_last_sessions:[24, 23, 22]	3_first_HSCL:[nan, nan, 2.36]	3_last_HSCL:[1.55, 1.73, 1.64]	3_first_HSCL_avg:nan	3_last_HSCL_avg:1.64	all_HSCL:[nan, nan, 2.3636364, 2.2727273, 2.0909091, 2.5454545, 2.5454545, 2.4545455, 2.3636364, 2.0909091, 1.7272727, 1.7272727, 2.0, 1.9090909, 1.6363636, 1.8181818, 1.7272727, 1.5454545, 1.8181818, 1.6363636, 1.3636364, 1.6363636, 1.7272727, 1.5454545]	dyad:N/A
c_id:nc8469rw	3_first_sessions:[1]	3_last_sessions:[1]	3_first_HSCL:[nan]	3_last_HSCL:[nan]	3_first_HSCL_avg:N/A	3_last_HSCL_avg:N/A	all_HSCL:[nan]	dyad:N/A
c_id:as8498os	3_first_sessions:[1, 2, 3]	3_last_sessions:[8, 7, 6]	3_first_HSCL:[nan, 1.82, 2.0]	3_last_HSCL:[1.64, 1.73, 1.64]	3_first_HSCL_avg:nan	3_last_HSCL_avg:1.67	all_HSCL:[nan, 1.8181818, 2.0, 2.0909091, nan, 1.6363636, 1.7272727, 1.6363636]	dyad:N/A
c_id:yf8533ss	3_first_sessions:[1, 2]	3_last_sessions:[1, 2]	3_first_HSCL:[nan, 1.9090909]	3_last_HSCL:[nan, 1.9090909]	3_first_HSCL_avg:N/A	3_last_HSCL_avg:N/A	all_HSCL:[nan, 1.9090909]	dyad:N/A
c_id:sr8557og	3_first_sessions:[1, 2, 3]	3_last_sessions:[25, 24, 23]	3_first_HSCL:[nan, 2.45, 2.09]	3_last_HSCL:[1.55, 1.91, 1.64]	3_first_HSCL_avg:nan	3_last_HSCL_avg:1.7	all_HSCL:[nan, 2.4545455, 2.0909091, 2.2727273, 2.2727273, 2.0, 2.0, 2.1818182, 1.8181818, 2.1818182, 2.0909091, 1.8181818, nan, 2.1818182, 2.1818182, 1.9090909, 1.9090909, 1.9090909, 1.8181818, 2.1818182, 2.0, 2.0, 1.6363636, 1.9090909, 1.5454545]	dyad:N/A
c_id:ny8612mt	3_first_sessions:[1, 2, 3]	3_last_sessions:[17, 16, 15]	3_first_HSCL:[nan, 2.18, 1.55]	3_last_HSCL:[1.73, 2.27, 2.0]	3_first_HSCL_avg:nan	3_last_HSCL_avg:2.0	all_HSCL:[nan, 2.1818182, 1.5454545, 1.7272727, 1.7272727, 2.0, 2.5454545, 2.3636364, 2.3636364, 2.3636364, 1.7272727, nan, 2.6363636, 1.7272727, 2.0, 2.2727273, 1.7272727]	dyad:N/A
c_id:rb8867nz	3_first_sessions:[1, 2, 3]	3_last_sessions:[15, 14, 13]	3_first_HSCL:[nan, 2.73, 3.0]	3_last_HSCL:[1.18, 1.27, 1.27]	3_first_HSCL_avg:nan	3_last_HSCL_avg:1.24	all_HSCL:[nan, 2.7272727, 3.0, 1.7272727, nan, 2.6363636, 1.9090909, 1.0909091, 1.0909091, 1.0909091, 1.0909091, 1.2727273, 1.2727273, 1.2727273, 1.1818182]	dyad:N/A
c_id:ds8892sl	3_first_sessions:[1, 2, 3]	3_last_sessions:[32, 31, 30]	3_first_HSCL:[nan, 1.55, 1.18]	3_last_HSCL:[nan, 1.09, 1.18]	3_first_HSCL_avg:nan	3_last_HSCL_avg:nan	all_HSCL:[nan, 1.5454545, 1.1818182, 1.4545455, 1.5454545, 1.5454545, 1.3636364, 1.3636364, nan, 1.1818182, 1.1818182, 1.0909091, 1.1818182, 1.1818182, 1.1818182, 1.1818182, 1.1818182, 1.0909091, 1.1818182, 1.0909091, 1.0909091, 1.0909091, 1.1818182, 1.0909091, 1.1818182, 1.1818182, 1.1818182, 1.0909091, 1.1818182, 1.1818182, 1.0909091, nan]	dyad:נא
c_id:nz8959mt	3_first_sessions:[1]	3_last_sessions:[1]	3_first_HSCL:[nan]	3_last_HSCL:[nan]	3_first_HSCL_avg:N/A	3_last_HSCL_avg:N/A	all_HSCL:[nan]	dyad:N/A
c_id:tm9075ss	3_first_sessions:[1]	3_last_sessions:[1]	3_first_HSCL:[nan]	3_last_HSCL:[nan]	3_first_HSCL_avg:N/A	3_last_HSCL_avg:N/A	all_HSCL:[nan]	dyad:N/A
c_id:em9084ik	3_first_sessions:[1, 2, 3]	3_last_sessions:[8, 7, 6]	3_first_HSCL:[nan, nan, nan]	3_last_HSCL:[nan, nan, 2.0]	3_first_HSCL_avg:nan	3_last_HSCL_avg:nan	all_HSCL:[nan, nan, nan, 2.6363636, nan, 2.0, nan, nan]	dyad:N/A
c_id:sk9090dg	3_first_sessions:[1, 2, 3]	3_last_sessions:[18, 17, 16]	3_first_HSCL:[nan, 2.55, 2.45]	3_last_HSCL:[nan, nan, nan]	3_first_HSCL_avg:nan	3_last_HSCL_avg:nan	all_HSCL:[nan, 2.5454545, 2.4545455, 2.3636364, 2.4545455, 2.3636364, 2.2727273, 1.8181818, 2.5454545, 2.2727273, 2.2727273, 2.0, nan, nan, nan, nan, nan, nan]	dyad:N/A
c_id:op9237hf	3_first_sessions:[1, 2, 3]	3_last_sessions:[16, 15, 14]	3_first_HSCL:[nan, 2.0, 2.18]	3_last_HSCL:[1.82, 1.82, 1.55]	3_first_HSCL_avg:nan	3_last_HSCL_avg:1.73	all_HSCL:[nan, 2.0, 2.1818182, 1.7272727, 1.4545455, 1.5454545, 1.3636364, 1.4545455, 1.7272727, 1.3636364, 1.6363636, 1.2727273, 1.7272727, 1.5454545, 1.8181818, 1.8181818]	dyad:N/A
c_id:ab9259eb	3_first_sessions:[1, 2]	3_last_sessions:[1, 2]	3_first_HSCL:[nan, 2.2727273]	3_last_HSCL:[nan, 2.2727273]	3_first_HSCL_avg:N/A	3_last_HSCL_avg:N/A	all_HSCL:[nan, 2.2727273]	dyad:N/A
c_id:mb9320na	3_first_sessions:[1, 2, 3]	3_last_sessions:[17, 16, 15]	3_first_HSCL:[nan, 2.18, 2.91]	3_last_HSCL:[1.55, 2.0, 1.36]	3_first_HSCL_avg:nan	3_last_HSCL_avg:1.64	all_HSCL:[nan, 2.1818182, 2.9090909, 1.1818182, 1.3636364, 1.6363636, 1.4545455, 1.2727273, 1.4545455, 1.2727273, 1.7272727, 1.6363636, 1.6363636, 1.3636364, 1.3636364, 2.0, 1.5454545]	dyad:מח
c_id:ra9365en	3_first_sessions:[1]	3_last_sessions:[1]	3_first_HSCL:[nan]	3_last_HSCL:[nan]	3_first_HSCL_avg:N/A	3_last_HSCL_avg:N/A	all_HSCL:[nan]	dyad:N/A
c_id:ec9456rt	3_first_sessions:[1]	3_last_sessions:[1]	3_first_HSCL:[nan]	3_last_HSCL:[nan]	3_first_HSCL_avg:N/A	3_last_HSCL_avg:N/A	all_HSCL:[nan]	dyad:N/A
c_id:is9525ds	3_first_sessions:[1]	3_last_sessions:[1]	3_first_HSCL:[nan]	3_last_HSCL:[nan]	3_first_HSCL_avg:N/A	3_last_HSCL_avg:N/A	all_HSCL:[nan]	dyad:N/A
