INPUT_LABEL_YML: /home/daniel/deepsy/SBS_Analize/Trans2Label/ProcessLabels/trans_rupture_02/trans_rupture.yml
LABEL: t_a_rupture1
INPUT_DIST_FILE: /home/daniel/deepsy/TM/Dirs_of_Docs/c_sessions/results/inferencer_200-c_1turns_words_mini_small.txt
TRAIN_TEST_RATIO: 0.85

Train results:
gold:	[0 1 1 1 0 1 0 0 1 1 0 0 0 0 1 1 0 0 1 0 0 1 0 1 1 0 0 1 0 0 0 0 0 1 0 1 0 0 0 0 0 1 0 1 1 1 1 1 0 1 0 0 0 0 0 1 0 0 0 0 1 1 0 0 0 1 1 0 1 0 0 0 0 0 1 1 1 0 0 1 0 1 0 0 0 0 0 1 0 0 0 0 1 0 0 0 1 0 0 1 1 0 0 1 0 1 0 0 0 1 1 1 0 0 0 0 0 0 0 0 1 0 0 0 0 0 0 1 0 0 1 0 0 1 0 1 1 0 0 1 0 1 0 0 0 0 1 0 0 0 1 1 1 1 0 0 1 0 1 0 0 0 0 0 0 0 0 1 1 1 0 0 0 0 0 1 1 0 0 0 0 0 1 1 0 0 1 0 0 0 1 1 1 1 0 0 0 1 1 0 0 1 0 0 0 0 0 1 0 0 0 0 1 1 0 1 0 1 0 0 0 1 0 0 0 0 0 1 0 0 0 1 0 0 1 0 0 0 0 1 0 0 1 0 0 1 0 0 1 1 0 1 0 0 1 0 0 1 0 0 0 1 0 0 1 0 0 0 0 0 0 0 0 1 0 1 0 1 0 0 0 0 0 1 0 1 1 1 0 1 1 1 0 0 1 0 1 0 0 0 1 0 0 0 0 0 1 0 0 1 1 0 1 0 1 0 1 1 0 0 0 0 1 0 0 1 1 0 1 1 0 1 0 0 1 0 1 0 0 0 0 0 0 0 1 0 0 1 0 1 1 0 0 0 0 0 1 0 1 0 1 0 1 0 1 0 0 1 1 0 0 0 0 0 0 0 0 0 0 1 1 0 1 0 0 0 0 1 0 0 0 0 0 0 0 1 0 1 1 1 0 0 1 1 1 1 1 1 0 1 0 0 0 0 1 0 0 1 0 0 0 0 0 0 1 1 1 0 1 0 0 0 0 0 0 0 0 1 1 0 1 1 0 0 0 1 0 1 1 0 0 1 0 1 0 0 1 0 0 1 0 1 0 0 0 1 0 1 0 0 0 0 1 0 0 0 1 0 1 0 1 1 0 0 1 1 0 0 1 0 1 0 1 1 0 0 1 0 0 1 0 1 0 0 0 1 1 1 0 1 0 0 0 0 0 1 1 0 0 0 1 1 1 0 1 0 1 1 1 0 0 1 0 0 0 1 1 0 1 1 0 1 0 0 0 1 1 1 1 0 1 0 0 0 0 1 0 0 1 0 1 1 0 0 1 0 1 0 0 1 1 0 1 1 0 0 0 0 1 0 1 0 1 0 0 1 0 0 0 0 0 0 1 0 0 1]
hat:	[0 1 0 1 0 0 0 0 0 1 0 0 0 0 1 1 1 0 0 0 0 1 0 1 1 0 0 0 0 0 0 0 0 1 0 1 0 0 0 1 0 0 0 1 1 1 1 0 0 0 0 0 0 0 0 1 0 0 0 0 1 1 0 0 0 0 1 0 0 0 0 0 0 0 0 1 1 0 0 1 0 1 0 0 0 0 0 0 0 0 0 0 1 0 0 0 0 1 0 0 0 1 0 1 0 0 0 0 0 1 1 1 0 0 0 0 1 0 0 0 1 0 0 0 0 0 0 1 0 0 1 0 0 1 0 1 0 1 0 1 0 1 0 0 0 0 0 0 0 0 1 0 1 0 0 0 1 0 1 0 0 0 0 0 0 0 0 0 1 0 0 0 0 1 0 0 1 0 0 0 0 0 1 1 0 0 1 0 0 0 0 0 1 0 1 0 0 1 1 0 1 0 0 0 0 0 0 0 0 0 0 1 1 1 0 0 0 1 0 0 0 1 0 0 0 0 0 1 0 0 0 0 0 0 1 1 0 0 0 1 0 0 1 0 0 0 0 0 1 0 0 1 0 0 0 0 0 1 0 0 0 0 0 0 0 0 0 0 0 0 1 0 0 0 0 1 0 0 0 0 0 1 0 0 0 1 0 0 0 1 1 1 0 0 0 0 1 0 0 0 0 0 0 0 1 0 1 0 0 1 1 0 0 0 0 0 1 1 0 1 0 0 0 0 0 1 0 0 0 1 0 1 0 0 1 1 1 0 0 0 1 0 0 0 1 0 1 0 0 1 1 0 0 0 0 0 1 0 0 0 1 0 1 0 1 0 0 1 1 0 0 0 0 1 0 0 0 0 0 0 1 0 1 0 0 0 0 0 0 0 0 0 0 0 0 1 0 0 1 0 0 0 1 0 0 0 0 0 0 0 0 0 0 0 1 0 0 1 0 0 0 0 0 0 1 1 1 0 1 0 1 0 0 0 0 0 0 1 0 0 1 1 0 0 0 0 0 1 1 1 0 0 0 1 0 0 1 1 0 0 0 0 1 0 1 1 0 0 0 0 0 0 1 0 0 0 1 0 1 0 1 1 0 1 0 1 0 0 0 0 1 0 1 0 0 0 0 0 0 1 0 0 0 0 0 1 0 1 0 1 0 0 0 0 0 0 0 0 0 0 1 1 0 1 1 0 0 1 1 0 0 0 0 0 0 1 1 0 1 0 0 1 0 1 0 1 0 0 1 0 0 0 0 0 0 1 0 0 1 0 0 1 0 0 0 0 1 0 0 1 1 0 1 1 0 0 0 0 0 0 1 0 1 0 0 1 0 0 0 0 0 0 1 0 0 1]
Correct: 486/596 | Wrong: 110/596 | Acc: 81.54%

Test results:
gold:	[1 0 1 0 0 0 1 0 1 0 0 0 1 0 1 1 1 1 0 1 0 1 1 0 1 0 0 1 0 1 0 0 0 1 0 1 0 0 1 0 0 0 1 0 1 1 0 0 1 1 0 1 1 1 0 0 0 0 1 1 1 1 0 0 0 1 1 1 0 1 1 0 1 0 1 1 1 0 0 1 0 1 0 1 0 1 1 1 0 0 1 1 0 0 0 0 0 1 0 0 1 0 0 0 0]
hat:	[0 0 1 0 0 0 1 1 0 0 0 0 1 0 1 0 1 1 0 1 0 0 0 0 1 0 0 0 0 0 0 0 0 1 0 1 1 0 0 0 0 1 0 0 1 0 0 0 1 1 0 0 0 0 0 0 0 0 1 1 0 1 1 0 0 1 0 0 0 0 0 0 1 0 1 1 1 1 0 0 0 1 0 1 0 0 0 0 0 0 0 1 0 0 0 0 0 1 0 0 0 0 0 0 1]
Correct: 75/105 | Wrong: 30/105 | Acc: 71.43%

Most positive effective: {140: 24.584253653787997, 149: 21.435558060816906, 177: 20.445491640371912, 179: 15.983442394566321, 151: 15.911388936816337, 95: 15.65134128206864, 116: 12.411298999478536, 98: 12.07841919806515, 107: 12.047784860304127, 92: 11.411911096617176}
Most negative effective: {22: -18.671345263823426, 165: -17.761724497854832, 133: -17.538821160815726, 48: -16.841685971675982, 71: -14.222901616548647, 124: -12.399197460985937, 188: -11.77675957424033, 43: -10.096947884630286, 193: -8.119584587127354, 5: -7.589134993356391}

Start time: 05/11/2019_17:09:14
End time: 05/11/2019_17:17:14