INPUT_LABEL_YML: /home/daniel/deepsy/SBS_Analize/Trans2Label/ProcessLabels/trans_hscl_01/trans_hscl.yml
LABEL: hscl3
INPUT_DIST_FILE: /home/daniel/deepsy/TM/Dirs_of_Docs/c_sessions/results/inferencer_200-c_1turns_words_mini_small.txt
TRAIN_TEST_RATIO: 0.9

Train results:
gold:	[0 1 0 0 1 1 1 1 1 1 1 1 1 0 0 0 1 1 1 1 1 0 1 1 1 0 1 1 0 0 0 1 0 1 0 0 0 1 1 0 0 1 0 1 1 1 0 1 0 0 0 0 1 0 1 0 1 1 1 0 0 1 1 0 0 1 0 0 1 1 1 1 1 1 1 1 1 1 1 1 0 0 0 0 1 0 1 0 1 0 1 0 0 1 1 0 1 1 0 0 1 1 1 0 0 1 0 1 1 0 1 0 0 0 1 0 0 1 0 0 0 0 0 1 1 0 0 0 0 0 1 1 0 0 1 0 1 0 1 1 0 1 0 0 0 0 0 0 0 1 0 1 1 0 1 1 1 1 0 1 1 1 0 1 1 0 0 0 1 1 1 1 0 1 1 0 0 1 1 1 0 1 1 1 1 0 0 0 0 0 1 0 0 0 1 1 1 1 1 0 1 1 1 0 0 0 1 0 0 1 0 0 1 0 1 1 0 0 1 0 1 0 1 0 1 1 1 1 0 1 1 0 0 0 1 1 0 0 0 0 0 0 0 0 0 1 0 1 0 1 0 1 1 0 1 0 1 0 1 0 0 0 1 1 1 1 1 1 1 0 1 1 0 1 1 1 1 1 0 1 0 1 1 1 0 1 0 1 1 1 1 1 1 1 1 0 0 0 1 0 0 0 1 0 0 0 0 0 1 0 0 0 0 1 0 0 1 0 1 1 1 1 0 1 0 0 0 0 0 0 1 1 0 1 0 1 0 0 0 0 1 0 0 0 0 1 1 0 0 1 1 1 1 1 0 0 1 0 0 1 0 1 1 0 0 0 1 1 1 0 0 0 1 1 0 0 0 0 1 1 1 1 0 1 1 1 0 1 0 0 1 0 1 0 0 0 1 1 1 1 0 0 1 1 0 0 1 1 1 1 0 0 0 0 0 1 0 0]
hat:	[0 0 0 1 1 1 0 1 1 0 1 1 1 0 0 0 1 1 1 1 1 0 1 1 0 1 1 0 0 0 0 1 1 1 0 1 1 1 1 0 1 1 0 0 0 1 0 1 0 0 0 0 1 0 1 1 1 1 1 0 0 1 1 0 0 0 0 0 1 0 1 1 1 1 1 0 0 1 1 1 1 1 0 0 1 0 1 1 1 0 0 0 0 1 0 0 1 1 1 0 1 1 1 1 1 1 0 1 1 0 0 0 1 0 1 1 1 0 0 0 1 0 0 1 1 0 0 1 0 1 1 1 0 0 0 0 1 0 1 0 0 1 0 0 0 1 0 1 0 1 1 1 0 0 1 1 1 1 0 1 1 1 0 0 1 1 0 0 1 1 1 1 0 1 1 0 0 1 1 1 0 0 0 0 1 0 0 1 0 0 1 0 0 0 1 1 1 1 1 0 0 1 1 1 0 0 1 0 0 0 0 0 1 1 1 1 0 0 1 1 0 0 1 1 1 1 1 1 0 1 1 1 0 0 0 1 0 0 0 1 0 0 1 0 0 1 0 1 0 1 0 0 1 0 0 0 1 0 1 0 0 0 1 0 1 1 1 1 1 0 1 1 1 1 0 1 1 1 0 1 1 1 1 1 0 1 0 1 1 0 1 1 1 1 1 0 0 0 1 0 0 1 0 0 0 0 0 1 0 1 1 0 0 1 0 1 1 0 1 1 1 1 1 0 1 0 0 0 1 0 1 1 0 1 0 1 0 0 0 0 1 1 1 0 1 1 1 1 0 1 0 1 0 0 0 0 1 0 0 1 0 0 1 0 0 1 1 1 1 0 1 1 1 0 0 0 0 0 1 1 1 1 0 1 1 1 0 1 0 0 1 0 1 1 0 1 0 1 1 0 0 0 1 0 0 0 1 1 1 1 0 1 1 1 1 1 0 0]
Correct: 322/418 | Wrong: 96/418 | Acc: 77.03%

Test results:
gold:	[1 1 0 0 1 0 1 1 1 1 1 1 1 0 1 0 0 1 1 0 1 1 0 0 0 0 1 1 1 1 1 0 1 1 0 0 1 1 1 0 0 1 1 0 0 0]
hat:	[0 1 0 0 1 1 1 1 0 1 1 1 0 1 1 0 1 1 1 0 0 1 0 1 0 0 1 0 1 0 1 1 0 1 0 0 0 1 1 0 0 1 1 0 1 1]
Correct: 31/46 | Wrong: 15/46 | Acc: 67.39%

Most positive effective: {0: 3.138610060727511, 27: 2.9422992701255968, 78: 2.7835454852530703, 174: 2.4159934641058927, 36: 1.949689334532152, 117: 1.8823378106388606, 129: 1.6391670439101098, 12: 1.3371633280971784, 61: 1.3082380726493126, 145: 1.1845661119265667}
Most negative effective: {136: -6.721763126319628, 49: -5.499086600837144, 94: -3.2931666040844, 124: -2.830695048086272, 22: -2.5803240565031813, 63: -2.330811282057132, 150: -2.2046705379584615, 146: -1.6513706280481306, 199: -1.3698004289834615, 156: -1.0649121066814247}

Start time: 05/11/2019_16:39:53
End time: 05/11/2019_16:40:05