INPUT_LABEL_YML: /home/daniel/deepsy/SBS_Analize/Trans2Label/ProcessLabels/trans_hscl_04/trans_hscl.yml
LABEL: hscl_avg
INPUT_DIST_FILE: /home/daniel/deepsy/TM/Dirs_of_Docs/c_sessions/results/inferencer_200-c_1turns_words_mini_small.txt
TRAIN_TEST_RATIO: 0.85

Train results:
gold:	[1 1 1 1 1 0 1 0 1 1 1 1 0 0 1 0 1 1 0 0 0 0 0 0 0 1 1 0 0 1 0 1 1 0 1 0 1 1 0 1 1 0 1 1 0 0 0 0 1 0 0 0 1 1 0 0 1 0 0 0 0 1 0 1 0 0 0 0 1 0 0 0 0 0 0 1 0 0 1 0 0 0 0 1 0 1 1 1 1 0 0 0 1 0 1 0 1 0 0 0 1 1 0 1 0 0 1 0 1 0 1 0 1 0 1 1 0 0 1 0 1 1 0 1 1 0 0 0 0 0 0 0 0 1 0 1 0 0 1 1 0 0 1 1 0 0 0 0 1 0 1 1 1 1 1 1 1 0 0 1 1 1 1 1 0 0 0 0 0 0 0 1 0 0 1 0 1 1 0 1 0 0 1 1 0 1 1 0 0 0 0 1 0 0 0 1 1 1 1 1 1 1 0 1 0 0 0 1 1 1 0 0 0 1 0 1 1 0 0 0 1 0 1 1 1 1 0 1 0 0 1 1 1 0 1 1 1 1 0 1 0 1 0 1 0 0 0 1 0 1 0 1 0 1 0 0 1 0 1 0 1 1 0 1 0 1 0 1 1 0 0 0 1 1 1 0 1 0 0 1 0 0 0 0 1 1 0 1 0 0 0 1 1 1 1 0 0 0 0 1 0 0 1 1 1 0 1 0 1 1 1 0 1 0 1 0 0 0 1 1 1 0 1 0 1 0 1 1 0 0 1 0 1 0 1 0 1 0 1 0 1 0 0 1 1 1 0 1 0 1 0 1 1 0 1 0 0 0 0 0 0 0 1 1 1 0 0 0 1 0 1 1 0 0 0 0 1 1 0 1 1 1 1 0 1 0 0 0 1 1 0 1 1 0 0 0 1 1 1 1 0 0 1 0 0 0 0 1 1 1 1 0 0 1 1 1 1 0 1 1 1 1 0 0 0 0 0 1 0 1 0 0 1 0 0 1 0 0 1 1 0 1 1 0 1 1 1 1 1 0 1 1 1 0 1 0 0 1 0 0 0 1 1 1 0 0 0 0 0 1 1 1 1 1 1 1 0 1 1 1 1 0 1 0 1 1 0 0 0 1 1 1 1 0 0 1 0 0 0 1 0 1 0 1 1 1 1 0 1 0 0 1 0 0 1 0 1 0 1 1 0 0 0 0 0 1 1 1 0 0 0 0 1 0 0 0 0 1 0 1 1 1 0 0 0 0 0 0 1 0 0 0 0 1 0 1 1 1 0 1 1 0 0 0 0 0 0 1 0 0 1 1 1 1 0 1 0 1 1 0 0 0 0 1 1 0 1 1 0 1 0 1 0 0 1 1 0 1 1 1 0 1 0 0 0 1 0 0 0 1 1 0 1 1 1 0 0 1 0 1 0 0 1 1 1 0 0 0 1 1 0 0 0 0 1 0 0 1 0 1 0 0 0 1 1 0 1 1 1 1 1 0 1 0 0 0 0 1 0 1 0 1 0 1 0 0 1 0 0 0 1 0 0 0 1 1 1 1 0 0 0 0 1 1 1 1 1 1 0 1 0 0 1 0 1 1 0 0 1 0 1 0 0 1 1 0 1 0 1 1 1 0 0 0 0 0 0 0 1 0 0 1 0 1 1 1 0 0 0 1 1]
hat:	[1 0 1 1 1 1 1 0 1 0 1 1 1 0 1 0 1 1 1 0 0 0 0 0 1 0 0 0 1 1 1 1 1 1 1 0 0 1 1 1 1 0 1 1 0 0 1 0 1 0 0 0 1 1 0 0 1 0 1 0 1 1 0 1 0 0 1 0 1 0 0 0 1 1 0 1 0 0 1 0 0 0 1 1 1 1 1 1 0 1 1 0 1 0 1 0 0 0 0 1 0 1 0 0 0 0 1 0 1 0 1 0 1 0 0 0 0 1 0 0 1 1 0 0 1 0 0 0 0 0 0 0 1 0 0 1 0 0 1 0 0 0 1 0 0 0 0 0 1 0 1 1 0 1 1 0 0 0 0 0 1 1 1 1 0 0 0 0 0 0 0 0 0 0 1 0 1 1 0 1 0 0 0 1 0 0 1 0 0 0 0 1 0 0 1 1 0 1 0 1 1 1 0 1 0 0 0 1 0 1 1 0 0 1 0 1 1 0 0 0 1 0 1 0 1 0 0 1 0 0 0 1 1 0 1 0 0 1 1 1 1 1 0 1 1 0 0 1 0 1 1 1 0 0 0 1 0 0 1 0 1 1 0 0 0 1 1 1 1 0 0 0 1 0 1 0 1 0 0 1 0 1 1 0 1 0 0 1 0 0 0 1 1 1 1 0 0 0 0 1 0 1 1 1 1 0 1 0 1 1 1 0 1 0 1 0 0 0 1 0 0 0 0 0 1 0 0 0 0 1 1 1 1 0 0 0 1 1 1 1 1 1 0 1 1 1 0 1 0 1 0 1 1 0 0 0 0 0 0 0 0 1 0 0 1 0 1 0 0 0 0 0 1 0 0 0 1 1 1 0 1 1 1 0 1 0 1 0 0 1 0 1 1 0 0 1 1 1 0 1 0 1 1 0 0 0 0 1 1 1 1 0 0 1 1 1 0 1 1 1 0 1 1 0 0 0 1 1 0 1 0 1 1 0 0 0 0 0 1 0 0 1 1 0 1 0 1 1 1 0 1 1 1 0 1 0 0 0 1 0 1 1 1 1 1 0 0 0 1 1 1 1 1 1 1 1 0 1 1 0 1 1 1 0 1 1 0 0 1 1 1 0 1 0 0 0 1 0 1 1 0 1 0 1 1 1 1 0 1 0 0 1 0 0 1 0 1 0 0 1 0 1 1 0 0 0 1 1 1 0 0 1 1 0 1 0 0 1 0 1 1 1 0 0 0 0 1 1 1 0 0 0 0 1 0 1 0 1 0 0 1 0 0 1 0 0 0 1 0 0 1 1 1 1 0 1 0 1 1 0 0 0 0 1 1 1 1 1 0 1 0 0 0 0 1 1 0 1 1 1 0 1 0 0 0 1 0 0 0 1 1 0 1 0 1 0 0 1 0 1 0 0 1 0 1 0 1 0 1 0 1 0 0 0 1 0 0 0 0 1 1 0 0 0 0 0 1 0 0 1 1 0 0 1 0 0 0 1 0 1 0 1 0 1 0 0 0 0 0 0 1 0 0 1 1 1 0 1 0 0 0 0 0 0 1 1 1 0 0 1 1 0 1 0 1 1 0 0 1 0 1 0 0 0 1 0 0 0 1 0 1 1 0 0 0 0 0 0 1 1 0 1 0 1 1 1 0 0 0 1 0]
Correct: 575/731 | Wrong: 156/731 | Acc: 78.66%

Test results:
gold:	[1 1 0 1 0 1 1 0 0 1 0 0 1 0 1 0 0 0 0 1 1 0 1 0 1 0 0 0 0 1 0 1 1 1 1 0 1 1 0 0 0 0 0 0 1 1 0 0 0 1 1 1 0 0 0 0 0 1 0 1 0 1 0 0 1 1 0 1 0 1 1 0 1 0 0 0 0 1 1 0 0 0 0 1 1 1 1 0 0 0 0 0 0 0 1 0 1 1 0 0 1 1 0 1 1 0 1 0 1 0 1 1 0 0 1 0 1 0 0 1 1 0 1 1 1 1 0 0 1]
hat:	[1 0 0 1 0 1 1 0 1 0 0 0 0 1 1 0 0 0 0 0 1 0 0 0 0 0 0 0 0 0 0 1 1 1 0 1 1 1 0 1 0 1 1 1 1 0 0 0 0 1 1 1 0 1 0 1 0 0 1 1 1 1 0 0 0 1 0 1 0 0 1 0 1 0 0 1 1 1 0 0 1 1 0 0 0 1 0 0 0 1 1 0 0 0 1 0 0 1 0 1 1 0 0 0 1 0 1 0 1 0 0 1 1 0 1 1 1 1 0 1 1 1 1 1 0 1 0 0 1]
Correct: 86/129 | Wrong: 43/129 | Acc: 66.67%

Most positive effective: {13: 27.931573892435082, 89: 26.015683520615788, 197: 23.70790691691378, 119: 22.368258335030887, 162: 15.388313905719933, 133: 14.38028036699472, 0: 14.366629900757607, 98: 14.13840764053563, 25: 13.301299610927682, 142: 12.091493330153757}
Most negative effective: {94: -43.97839463137985, 156: -18.21622707276222, 199: -16.949527205141273, 136: -16.687380962972185, 190: -15.99602530698107, 48: -13.739590617808192, 50: -13.709371125985852, 100: -12.864641170439144, 112: -12.17768730501448, 137: -12.038387386565452}

Start time: 08/11/2019_00:12:04
End time: 08/11/2019_00:19:26