INPUT_LABEL_YML: /home/daniel/deepsy/SBS_Analize/Trans2Label/ProcessLabels/trans_hscl_05/trans_hscl.yml
LABEL: hscl_avg
INPUT_DIST_FILE: /home/daniel/deepsy/TM/Dirs_of_Docs/c_sessions/results/inferencer_200-c_1turns_words_mini_small.txt
TRAIN_TEST_RATIO: 0.85

Train results:
gold:	[0 0 1 0 1 0 1 0 1 1 0 0 0 0 1 0 0 1 1 0 1 0 1 0 0 0 1 0 0 1 1 0 1 1 0 0 1 1 0 0 0 0 1 1 1 0 1 1 1 0 0 0 1 1 0 0 0 1 1 1 0 1 0 0 1 0 1 0 1 1 0 1 0 0 0 0 0 1 0 1 1 1 0 0 1 0 1 0 1 0 1 0 0 1 0 0 1 1 1 0 0 1 1 1 1 1 0 0 0 1 0 0 0 0 1 0 0 1 1 0 0 0 1 1 0 1 1 1 0 0 0 1 1 1 0 0 0 0 0 0 1 0 0 0 0 0 1 0 1 1 1 1 0 0 0 1 0 0 1 0 1 0 1 1 0 0 0 0 1 0 0 1 0 1 1 0 0 0 1 0 1 1 1 1 1 1 0 0 0 0 0 0 1 0 1 0 0 0 0 0 1 0 1 0 0 0 1 0 0 0 0 0 0 0 1 1 1 0 0 0 0 0 0 1 1 0 1 1 1 1 0 0 0 1 0 0 0 0 1 1 1 0 0 1 1 1 1 0 0 0 1 0 0 0 0 1 0 1 0 1 0 0 0 0 1 1 1 1 1 0 1 0 1 0 0 0 0 0 1 1 0 1 0 1 0 1 1 0 0 1 0 0 1 0 0 0 0 0 0 0 0 0 1 1 1 0 0 0 0 1 0 0 0 1 0 0 1 1 0 1 0 1 0 1 0 0 1 1 0 0 1 0 1 1 0 0 0 0 0 1 1 1 0 1 0 0 0 0 0 0 1 1 0 0 1 1 0 1 0 1 0 0 0 1 0 0 0 1 1 1 1 0 1 1 1 0 0 0 1 1 1 0 1 1 0 1 1 1 0 1 1 1 1 1 0 1 0 0 0 0 0 0 1 0 0 0 1 1 0 0 1 0 0 0 0 0 0 1 1 1 0 1 0 1 1 1 0 1 1 0]
hat:	[0 0 1 0 0 0 0 0 1 1 1 0 0 0 1 0 0 0 1 0 1 0 1 0 0 0 1 0 0 1 1 0 1 1 0 0 1 1 0 0 0 0 1 1 1 0 1 0 1 0 0 0 1 1 0 0 0 1 1 1 0 1 0 0 1 0 0 0 0 1 0 1 0 0 0 0 0 1 0 0 1 1 0 0 1 0 1 0 1 0 1 0 1 1 0 0 1 1 1 0 0 1 1 1 1 1 0 0 0 1 0 1 0 0 0 0 0 1 1 0 0 0 1 1 0 1 1 1 1 0 0 1 1 1 1 0 0 0 0 0 1 0 0 0 0 0 1 0 1 1 0 1 0 0 0 1 0 0 1 0 1 0 1 0 0 0 0 0 1 0 0 0 0 1 0 0 0 1 1 0 1 1 0 1 0 1 0 0 0 0 0 0 0 0 1 0 1 0 0 0 1 0 1 0 0 0 1 0 0 0 0 0 0 0 0 1 0 0 0 0 0 0 0 1 1 0 1 1 1 1 1 0 1 0 0 0 0 1 1 1 1 0 0 1 1 0 0 0 0 0 0 0 0 0 0 1 0 0 1 1 0 0 1 0 1 1 1 1 0 1 1 0 1 0 0 0 0 1 0 1 0 0 0 1 1 0 1 0 0 1 0 0 1 0 0 0 0 1 1 0 0 0 1 1 1 0 0 1 0 1 0 0 0 1 0 0 1 1 0 1 0 1 0 0 0 0 0 1 0 0 1 0 1 0 0 0 1 0 0 1 0 1 0 1 0 0 0 0 0 0 1 1 0 0 1 1 0 1 0 1 0 1 0 1 0 0 0 1 1 1 1 0 1 1 0 0 0 0 0 1 1 0 1 1 0 1 1 1 0 1 0 1 1 1 0 1 0 0 0 1 0 0 1 0 0 0 0 1 0 0 1 0 0 1 0 0 0 1 0 1 0 1 0 1 1 1 0 0 1 0]
Correct: 372/430 | Wrong: 58/430 | Acc: 86.51%

Test results:
gold:	[1 1 1 0 0 1 0 0 1 0 1 0 0 0 1 1 1 1 1 0 1 1 0 0 1 0 1 1 1 0 1 1 1 1 1 1 1 1 0 1 0 1 1 0 1 1 0 1 1 0 0 0 1 0 0 1 0 1 0 1 1 0 0 0 1 0 1 0 0 1 1 0 0 0 1 1]
hat:	[1 0 1 0 0 1 0 0 0 0 0 0 0 0 0 1 1 1 1 1 0 0 0 0 1 0 0 0 1 0 1 1 0 1 1 1 1 1 0 0 0 1 1 0 0 1 0 0 1 0 0 0 0 0 0 1 0 0 0 1 0 0 0 0 1 0 1 0 0 1 0 0 0 0 0 1]
Correct: 58/76 | Wrong: 18/76 | Acc: 76.32%

Most positive effective: {27: 20.694078102605793, 89: 13.984068839456585, 0: 11.390591340473438, 54: 10.125944660384526, 152: 9.608652086553803, 23: 8.974636447697732, 61: 8.94481397935907, 82: 8.204277761283405, 162: 7.756008912681593, 13: 7.603176527572456}
Most negative effective: {136: -17.999841966329477, 96: -16.922244784964295, 124: -16.688976597456595, 2: -14.878094198413585, 199: -14.658191219194737, 63: -14.468865643872977, 156: -14.312777680669956, 102: -13.006468621269024, 49: -12.025283002189747, 94: -11.810500381720777}

Start time: 08/11/2019_00:32:53
End time: 08/11/2019_00:40:02