INPUT_LABEL_YML: /home/daniel/deepsy/SBS_Analize/Trans2Label/ProcessLabels/trans_ors_01/trans_ors.yml
LABEL: ors_sum
INPUT_DIST_FILE: /home/daniel/deepsy/TM/Dirs_of_Docs/c_sessions/results/inferencer_200-c_1turns_words_mini_small.txt
TRAIN_TEST_RATIO: 0.85

Train results:
gold:	[0 1 1 1 1 0 1 0 0 1 0 1 1 1 0 0 1 1 1 0 0 1 0 0 0 1 0 1 0 1 1 1 1 0 1 1 1 1 0 0 0 1 1 0 0 1 0 1 1 1 0 0 1 1 0 0 1 1 1 1 0 0 0 1 0 1 1 0 1 0 1 1 1 1 1 0 0 0 0 1 0 1 0 0 0 0 0 1 1 1 1 0 1 0 0 0 1 0 0 0 1 1 0 0 1 0 1 1 1 0 1 0 1 1 0 1 0 0 1 0 1 1 1 1 1 1 1 1 1 1 1 1 1 0 0 1 1 1 1 0 1 1 1 0 0 1 1 0 0 0 1 1 0 1 0 0 0 1 1 1 1 0 1 1 0 0 0 1 1 0 1 0 0 0 0 1 1 0 0 0 0 1 0 0 1 1 1 0 0 1 1 1 1 0 1 1 1 1 1 0 0 0 1 0 1 1 0 1 0 0 0 0 1 1 1 0 1 0 1 1 0 1 1 1 1 0 0 0 1 1 1 1 1 1 1 1 0 1 0 0 1 1 1 0 0 0 0 0 0 1 0 1 1 1 1 1 0 1 1 0 1 1 1 0 0 1 0 1 0 0 1 1 1 0 0 0 0 1 1 0 0 0 1 0 0 0 1 1 0 1 0 0 1 0 0 1 0 0 0 1 1 0 1 1 0 0 0 1 1 1 1 0 0 1 0 0 1 0 1 0 1 1 0 0 0 1 0 1 1 0 0 1 0 0 1 0 0 1 1 1 1 1 0 1 1 1 0 1 1 0 0 0 1 0 1 0 0 0 0 0 0 1 1 1 1 1 1 0 0 0 1 1 0 0 1 1 1 1 1 0 1 1 1 1 0 1 0 1 1 0 0 0 0 1 1 0 0 0 1 1 1 1 0 0 0 1 1 1 0 0 0 0 1 1 0 1 1 1 0 1 0 1 0 1 0 1 0 0 0 0 1 1 0 0 1 1 0 0 0 0 0 1 0 1 1 1 1 0 0 1 0 0 1 0 0 0 0 1 0 0 1 0 1 0 0 0 1 0 1 0 1 0 1 0 0 0 0 0 1 1 0 1 1 1 0 1 1 0 0 0 1 0 0 1 1 0 1 0 0 0 0 0 0 0 1 1 0 1 0 1 0 0 1 1 0 1 0 1 0 0 0 1 1 0 0 1 0 0 0 0 1 1 0 0 0 0 1 0 1 0 0 1 1 1 1 0 0 0 1 0 1 1 0 1 1 1 1 1 1 0 0 1 0 0 0 0 0 0 1 1 0 0 1 1 0 0 1 1 0 0 1 0 0 1 0 0 1 1 1 1 1 0 1 0 1 1 0 0 0 1 1 1 0 1 0 1 1 1 0 1 0 1 1 1 0 1 1 0 0 1 0 1 1 0 0 0 0 1 1 1 0 1 1 1 0 1 0 0 1 0 0 1 0 0 0 1 0 1 1 1 0 0 0 0 1 1 1 1 1 1 1 0 0 0 1 1 1 0 1 0 0 1 1 1 1 1 1 0 1 0 1 1 1 1 1 0 1 1 1 1 0 0 0 0 0 1 0 0 0 1 0 0 0 1 0 0 1 1 1 0 1 1 1 0 0 0 1 0 0 1 1 0]
hat:	[1 1 1 1 0 0 1 0 1 1 1 1 0 0 1 0 0 1 1 0 0 1 0 0 0 1 0 0 1 0 1 1 1 0 0 1 1 1 0 0 0 1 0 1 0 1 0 1 0 1 0 0 0 1 0 0 1 1 1 1 0 0 1 1 0 1 1 0 1 1 0 1 1 1 1 0 0 0 0 1 0 1 0 0 0 0 0 1 1 1 0 0 1 1 0 0 1 0 0 0 0 1 0 0 1 0 0 1 0 0 1 0 0 1 1 1 0 0 1 0 1 1 0 1 1 1 1 1 1 1 0 1 1 0 1 1 1 1 1 0 1 1 1 1 0 0 0 0 0 0 1 1 1 1 0 0 0 1 1 1 1 1 1 1 1 0 0 1 1 0 1 0 1 0 0 1 1 0 0 0 0 1 0 0 1 1 0 0 0 1 1 0 1 0 1 1 1 1 0 1 0 0 1 0 1 1 1 1 0 1 0 0 1 1 1 0 1 0 0 0 0 1 0 1 1 1 0 1 1 1 0 1 1 1 1 1 0 1 0 0 1 1 1 1 0 0 1 0 0 1 0 1 1 1 0 1 0 1 1 0 1 0 1 1 0 0 0 1 0 0 1 0 1 0 0 0 0 1 1 0 0 0 1 0 0 0 1 0 0 1 0 0 0 1 0 1 0 0 0 1 1 0 0 1 0 0 1 1 1 1 1 0 0 1 1 0 1 0 1 0 0 1 0 1 0 1 1 0 1 0 1 0 0 1 1 0 0 1 1 1 1 1 1 1 0 1 0 1 0 1 1 0 1 0 0 0 0 0 1 0 1 1 1 0 0 1 0 0 0 0 1 1 0 0 0 0 0 1 1 1 1 1 1 1 0 1 0 1 1 1 1 1 1 0 1 0 0 0 1 1 1 1 0 0 0 1 1 1 1 1 0 0 1 1 0 1 1 1 0 1 1 1 0 1 0 1 1 0 0 0 1 0 0 0 1 1 0 0 0 0 0 0 1 1 1 1 1 0 0 0 0 0 1 0 0 0 0 0 0 1 1 1 1 0 0 0 1 0 1 1 0 1 1 0 0 0 0 0 1 1 0 1 1 1 1 1 1 1 0 0 1 0 0 1 1 0 1 0 0 0 1 0 0 0 1 0 0 0 0 0 0 0 1 0 0 1 0 0 0 0 0 1 1 0 1 1 1 0 1 0 1 1 0 1 0 0 1 0 1 0 0 1 1 0 0 0 0 1 1 0 1 1 1 1 1 1 1 1 1 0 0 0 0 0 0 0 0 0 0 1 0 1 1 1 1 0 1 1 0 0 0 0 0 1 0 0 0 1 1 1 0 1 1 1 1 1 0 0 1 1 1 1 0 1 0 0 1 1 0 1 0 1 1 1 0 0 1 0 0 1 0 1 0 0 0 0 0 0 1 0 0 1 0 1 1 1 0 0 0 0 0 0 0 0 0 1 0 1 0 1 1 0 0 0 1 1 1 1 1 1 1 1 1 0 1 0 0 1 1 1 1 1 1 0 1 1 1 0 1 0 1 1 1 1 1 0 1 0 1 1 0 0 0 1 0 1 0 0 0 1 1 0 0 1 0 0 1 1 1 0 1 1 1 0 0 0 1 1 1 1 1 1]
Correct: 569/722 | Wrong: 153/722 | Acc: 78.81%

Test results:
gold:	[1 0 1 1 1 1 0 1 1 0 1 1 1 0 1 0 1 1 1 1 0 0 1 1 1 1 1 1 1 0 1 0 0 1 0 0 1 1 0 0 1 0 1 1 1 1 0 1 1 0 1 0 1 0 1 1 1 1 0 0 1 0 0 1 0 1 1 0 1 1 1 1 0 0 0 0 1 0 1 1 1 0 1 1 1 0 1 0 1 1 1 0 1 0 1 1 0 1 0 0 1 0 1 0 1 0 0 1 1 0 1 1 0 0 1 0 0 0 0 0 1 1 1 1 1 1 1]
hat:	[1 0 1 0 1 1 0 1 1 1 1 0 1 0 1 0 1 1 1 0 1 0 0 1 1 1 0 1 1 1 1 1 0 1 0 1 1 1 1 0 1 0 0 1 0 1 1 0 1 0 1 1 1 0 1 1 1 1 0 0 0 1 1 1 1 1 0 0 1 0 1 1 0 0 1 0 1 0 1 1 1 0 1 0 1 1 1 0 1 1 1 0 1 0 1 1 0 1 0 1 1 1 1 0 1 0 1 1 1 1 1 1 0 0 1 0 0 0 1 0 1 0 1 1 1 1 1]
Correct: 96/127 | Wrong: 31/127 | Acc: 75.59%

Most positive effective: {92: 22.736019662399535, 165: 17.25142348481869, 190: 16.441510366804366, 61: 14.062184735163502, 74: 12.938324876655209, 199: 11.253764171601741, 107: 11.147304572840325, 3: 11.089071924933632, 44: 11.065724423951146, 121: 9.826959657315498}
Most negative effective: {143: -29.235895003369667, 15: -28.75764447207576, 160: -21.37508843010463, 171: -19.42639921802189, 72: -17.198205040342042, 26: -16.04876541580876, 191: -14.607111335380909, 157: -14.583559719938611, 13: -14.42060695010165, 162: -14.196582947803313}

Start time: 08/11/2019_00:40:48
End time: 08/11/2019_00:48:30