INPUT_LABEL_YML: /home/daniel/deepsy/SBS_Analize/Trans2Label/ProcessLabels/trans_ors_02/trans_ors.yml
LABEL: ors_sum
INPUT_DIST_FILE: /home/daniel/deepsy/TM/Dirs_of_Docs/c_sessions/results/inferencer_200-c_1turns_words_mini_small.txt
TRAIN_TEST_RATIO: 0.85

Train results:
gold:	[1 0 1 0 1 0 1 0 1 0 1 1 1 1 0 0 1 1 1 1 0 0 1 0 1 0 0 1 1 0 0 0 1 1 0 0 1 0 1 0 1 1 1 1 0 0 1 1 0 0 1 1 0 0 1 0 0 0 0 0 0 0 0 1 0 0 0 1 0 1 1 0 1 1 0 1 0 1 1 1 0 0 1 0 0 1 1 1 0 1 1 1 0 0 0 0 0 1 1 1 0 0 1 0 0 1 0 1 0 1 1 0 0 0 0 0 0 1 0 0 1 0 1 1 1 0 1 0 0 1 0 1 0 1 0 1 1 1 0 0 1 0 1 0 0 1 0 1 0 0 0 0 0 1 0 1 1 0 0 0 0 0 0 1 0 1 0 0 0 0 1 0 1 1 0 0 1 1 1 0 1 0 0 0 1 1 0 0 0 1 1 0 1 0 0 0 0 0 1 0 0 0 0 1 1 1 0 1 0 0 0 1 0 1 0 0 1 0 1 0 1 0 1 1 0 0 0 1 1 0 0 0 0 0 1 0 0 1 0 1 0 1 0 1 1 0 1 1 1 0 0 1 0 0 1 0 1 0 1 0 1 1 0 0 0 1 1 1 1 1 0 1 1 0 1 0 0 0 1 1 0 0 0 1 1 0 1 1 1 1 1 0 0 0 0 1 1 1 0 0 0 1 1 0 0 1 0 1 0 0 0 1 0 1 1 1 0 1 1 1 1 1 1 0 1 0 0 1 0 0 1 1 1 1 1 1 1 1 1 0 0 0 0 1 0 0 0 0 0 0 1 0 1 0 0 0 0 1 1 1 1 1 0 0 0 0 1 0 1 1 1 1 0 1 1 1 0 1 0 1 1 1 0 1 1 0 1 0 1 0 0 1 0 1 1 1 1 0 0 0 0 0 0 0 0 1 1 0 0 0 0 0 0 0 0 0 1 0 1 0 0 0 1 0 1 1 0 1 0 1 0 0 1 0 0 1 1 0 1 0 1 1 0 1 1 1 1 1 1 1 1 0 1 1 1 1 1 0 0 0 1 0 0 0]
hat:	[1 0 1 0 1 1 1 0 1 0 1 0 1 1 1 0 1 1 1 1 0 0 1 0 1 0 0 1 1 0 0 0 1 1 0 1 1 0 1 1 1 1 1 1 0 0 1 1 0 0 1 1 0 0 1 1 0 0 0 0 0 0 0 1 0 0 0 1 0 1 1 1 0 1 0 1 0 0 1 1 0 0 1 1 0 1 1 1 0 1 0 0 0 1 0 1 0 0 1 0 0 0 1 1 0 0 0 1 0 1 1 0 0 0 0 0 0 1 0 0 1 0 0 1 1 0 0 0 1 1 0 1 0 1 1 1 1 0 0 0 1 0 1 0 0 0 0 1 0 0 0 0 0 1 0 0 1 0 0 0 0 0 1 1 0 1 1 0 1 0 1 0 1 1 0 0 1 1 1 0 1 0 1 0 1 0 0 0 0 1 1 0 0 0 0 0 0 0 1 0 1 0 0 1 1 1 0 0 0 1 0 1 0 1 0 1 1 0 1 0 1 0 1 1 0 0 0 1 1 0 0 1 0 0 1 0 0 1 1 1 0 1 0 0 1 0 1 1 1 0 0 1 0 0 1 1 1 1 1 0 1 1 0 0 0 1 1 1 1 1 0 1 1 0 1 0 0 0 1 1 0 0 0 1 1 0 1 1 1 1 1 0 0 0 0 1 1 1 0 0 1 0 1 0 0 1 1 1 0 0 0 1 0 0 1 1 0 1 1 0 1 1 1 0 1 0 0 1 0 0 1 1 0 1 1 1 1 1 0 0 0 0 0 1 0 1 0 0 0 0 1 1 0 0 0 0 0 1 1 0 1 1 0 0 1 0 0 1 1 1 1 1 0 1 1 1 1 1 0 1 1 0 0 1 1 0 0 0 1 1 0 1 0 1 1 1 1 0 0 0 0 0 0 0 0 1 1 0 0 0 0 0 0 0 0 1 1 0 0 0 1 0 1 0 1 1 0 1 0 1 0 1 1 0 0 1 1 1 1 0 1 1 0 1 1 0 0 1 1 1 1 0 0 1 1 1 1 0 0 0 1 0 0 0]
Correct: 398/464 | Wrong: 66/464 | Acc: 85.78%

Test results:
gold:	[0 0 0 1 1 1 1 1 0 0 0 1 1 1 0 1 0 0 0 1 1 1 1 1 1 0 0 1 1 0 0 1 0 0 1 1 0 0 1 1 0 1 1 0 1 0 0 1 0 1 1 0 0 1 1 0 1 1 1 1 1 0 1 1 1 1 0 0 1 0 0 1 1 1 1 1 1 0 1 1 1 0]
hat:	[1 1 1 0 1 1 1 1 0 0 0 0 1 1 0 1 0 0 0 1 1 1 1 1 0 0 1 0 0 0 0 1 1 0 0 1 0 0 1 1 0 1 1 0 0 0 0 0 0 0 1 0 1 1 1 0 1 1 1 1 1 1 0 1 1 1 1 0 1 1 0 0 0 1 1 1 1 1 1 1 1 1]
Correct: 59/82 | Wrong: 23/82 | Acc: 71.95%

Most positive effective: {81: 34.394062938009874, 199: 21.788534438624943, 166: 20.22930804866839, 92: 13.719854048495248, 35: 13.226858521797881, 20: 12.504967888185822, 74: 12.010634604214745, 193: 11.126825536949692, 34: 10.98825969938947, 3: 10.548329326139877}
Most negative effective: {72: -39.32502420789492, 13: -24.007927745715854, 152: -23.85829338122757, 171: -20.438984874037292, 197: -19.695277071698058, 26: -18.314125826916424, 133: -16.938584392191615, 12: -14.495263391734786, 118: -13.353036512482817, 113: -12.758046502097597}

Start time: 08/11/2019_00:55:36
End time: 08/11/2019_01:02:11