INPUT_LABEL_YML: /home/daniel/deepsy/SBS_Analize/Trans2Label/ProcessLabels/trans_poms_03/trans_poms.yml
LABEL: c_a_poms_anxiety
INPUT_DIST_FILE: /home/daniel/deepsy/TM/Dirs_of_Docs/c_sessions/results/inferencer_200-c_1turns_words_mini_small.txt
TRAIN_TEST_RATIO: 0.85

Train results:
gold:	[1 0 0 1 0 0 1 1 1 1 1 1 1 1 1 1 1 0 1 0 1 1 0 1 0 0 1 1 1 1 0 0 1 1 1 1 1 1 1 0 1 0 1 1 1 0 1 0 0 1 0 1 0 1 1 0 1 1 0 0 0 1 0 1 0 1 1 1 1 0 1 1 0 0 1 1 0 1 0 0 0 1 1 0 0 1 0 1 1 1 1 1 0 1 1 0 1 0 0 1 1 1 1 1 0 0 0 1 0 0 0 1 1 0 0 0 0 0 1 0 0 1 1 1 0 1 0 1 1 0 1 0 0 1 0 1 1 0 1 1 1 0 1 1 1 0 1 0 1 1 0 0 0 0 0 0 0 0 1 1 1 1 1 1 1 1 0 0 1 1 0 1 0 0 0 1 1 1 1 1 0 1 0 1 1 1 1 1 0 1 0 0 1 1 0 1 1 1 1 1 1 0 0 1 1 1 0 1 0 0 1 1 0 1 1 1 1 0 1 0 1 1 0 1 1 0 0 1 1 1 0 1 0 1 1 1 1 0 1 1 1 0 1 1 0 1 0 1 1 0 1 1 1 1 1 1 0 1 0 1 0 1 0 1 0 1 0 0 1 1 1 1 0 1 1 0 1 1 0 0 1 1 1 0 0 1 1 1 0 1 1 1 1 1 0 1 1 1 1 1 1 0 1 1 0 0 1 1 1 1 0 1 0 0 1 1 1 1 0 0 1 1 0 1 1 1 1 1 0 1 0 1 0 1 1 1 0 0 1 0 1 1 1 1 1 0 1 1 1 0 1 1 1 1 1 0 1 0 1 0 1 1 0 1 0 0 1 1 1 1 1 1 1 0 1 1 1 0 1 1 0 0 1 1 1 1 1 0 1 0 1 1 0 0 1 0 0 1 0 1 0 1 1 0 0 1 1 1 0 1 1 1 0 1 1 1 0 1 0 0 1 1 0 0 0 1 1 1 0 1 1 0 1 1 1 0 1 0 1 0 1 0 1 1 0 1 0 1 1 1 1 1 0 0 0 1 1 1 1 1 1 1 1 0 1 0 0 1 0 1 1 1 0 0 1 1 1 1 1 1 0 1 0 0 1 1 1 0 1 1 0 1 1 1 1 1 1 1 1 1 1 0 0 1 0 1 1 1 0 1 0 1 0 1 1 1 0 1 1 1 0 0 0 0 1 1 1 1 1 1 0 1 1 0 1 1 0 1 1 1 0 1 1 0 1 1 0 1 1 1 1 1 0 1 0 0 1 1 1 1 1 0 1 0 1 0 1 1 1 0 1 0 0 0 1 1 1 0 1 1 1 0 1 1 1 1 1 0 1 0 1 1 0 1 1 0 0 1 1 1 1 0 1 1 0 0 1 1 0 0 1 0 1 0 1 1 1 1 1 1 1 1 0 1 1 0 1 0 1 0 1 1 0 1 1 1 1 1 0 1 1 0 1 1 0 1 1 0 0 1 1 1 1 1 0 0 0 0 1 1 1 1 0 1 0 0 1 1 1 0 0 1 0 1 1 1 0 0 1 1 0 1 1 1 1 1 0 1 1 1 1 1 1 0 1 1 1 1]
hat:	[1 1 0 1 0 0 1 1 1 1 0 1 1 1 1 1 1 0 1 0 0 0 1 1 0 0 1 1 1 1 1 0 1 1 1 1 0 1 0 0 1 1 1 1 1 0 1 0 1 1 0 0 1 1 0 1 1 1 1 0 0 1 1 1 0 1 1 1 1 1 1 1 0 1 1 1 1 1 1 1 0 1 1 1 0 1 1 1 1 1 1 1 1 0 1 1 1 0 1 1 1 0 1 1 1 0 1 1 0 0 1 1 1 0 0 1 1 0 1 0 1 1 1 0 0 1 0 1 1 1 1 1 1 1 0 1 1 1 1 1 1 0 1 1 1 0 1 1 1 1 0 0 0 0 0 0 0 1 0 1 1 1 1 1 1 1 0 0 1 1 1 1 1 1 1 1 0 1 1 1 1 1 0 1 1 1 1 1 1 1 0 0 1 1 0 1 0 1 1 1 1 1 0 1 1 1 1 1 1 0 1 1 0 1 1 1 1 0 1 0 1 1 1 1 1 1 0 0 1 1 0 1 0 1 1 1 1 0 1 1 1 1 1 1 0 1 1 1 1 0 1 1 1 1 1 0 0 1 1 1 0 1 0 0 0 1 0 0 1 1 1 1 1 1 0 0 1 1 0 1 0 0 0 1 0 1 1 1 0 1 1 1 1 1 1 1 1 1 1 1 1 0 1 1 0 1 1 1 1 1 0 1 0 0 1 1 1 1 0 1 1 1 0 1 1 1 1 1 0 1 0 0 1 0 1 1 1 0 1 1 1 1 1 1 1 0 1 1 1 1 1 1 0 1 0 1 1 0 0 0 1 1 0 1 1 0 1 1 1 1 1 1 1 1 0 1 1 1 1 1 0 0 1 1 1 0 1 0 1 1 1 1 1 1 1 1 0 1 1 1 0 1 1 0 1 0 1 1 0 1 1 1 0 1 0 0 1 1 1 0 1 1 0 0 1 1 1 1 1 1 1 1 1 1 1 0 1 1 0 1 1 0 0 1 0 1 0 1 1 1 1 1 0 1 0 1 1 1 1 1 1 1 1 0 1 0 1 1 1 1 1 1 1 0 1 1 1 1 1 1 0 1 0 1 1 1 1 0 1 1 0 1 1 1 1 1 1 1 1 1 1 0 0 1 0 1 1 1 0 1 1 1 0 1 1 1 0 1 1 1 0 1 1 0 1 1 0 1 1 1 1 1 0 0 1 1 0 1 1 1 1 1 1 0 1 1 0 1 1 0 0 1 0 1 1 0 0 1 1 1 1 0 1 1 1 0 0 1 0 1 1 0 0 0 1 1 1 1 1 1 1 0 1 1 1 1 1 0 1 0 1 1 0 1 1 0 1 1 1 1 0 0 1 0 1 0 1 1 0 0 0 0 1 0 1 1 1 1 1 1 1 1 0 1 0 0 1 1 1 0 1 1 1 1 0 1 1 1 0 1 1 0 1 0 0 1 1 0 0 1 1 1 1 1 0 1 1 1 1 1 1 1 0 1 0 0 0 1 1 1 0 1 1 1 1 1 0 0 1 1 1 1 0 1 1 0 1 1 1 1 1 1 1 1 0 1 1 1]
Correct: 551/698 | Wrong: 147/698 | Acc: 78.94%

Test results:
gold:	[0 1 1 0 0 1 0 1 0 1 1 0 1 1 1 1 1 1 1 1 1 0 1 1 0 1 1 1 1 1 1 0 0 0 1 1 0 1 0 1 1 1 1 0 1 1 0 1 1 1 0 0 1 1 0 1 0 1 1 0 1 1 0 1 0 1 1 1 1 0 1 0 1 0 1 1 1 0 1 1 0 1 1 1 0 0 1 0 1 0 1 1 1 1 1 1 1 1 1 0 0 0 0 0 0 0 1 1 0 1 1 1 1 1 1 1 1 0 1 1 1 0 1]
hat:	[0 1 1 1 1 1 1 0 1 1 1 1 1 1 1 1 1 1 1 1 1 0 1 1 1 1 0 1 0 1 1 1 0 1 1 1 0 1 1 0 0 1 1 1 0 1 1 1 1 1 1 0 1 1 0 1 1 0 1 1 1 0 1 1 0 1 1 1 1 1 1 0 1 1 1 1 1 1 1 0 0 1 1 1 0 0 1 0 1 1 1 1 1 1 1 0 1 1 1 1 1 0 0 1 1 0 1 1 0 1 1 1 1 1 1 1 1 0 1 1 1 0 1]
Correct: 90/123 | Wrong: 33/123 | Acc: 73.17%

Most positive effective: {0: 18.619945794634543, 93: 17.69736300736433, 27: 15.49887483919001, 151: 13.27562332577244, 39: 12.106835904663818, 78: 10.615274436964807, 152: 9.968244748491223, 89: 9.52325598534159, 145: 7.406352722479647, 99: 6.665521441725892}
Most negative effective: {153: -30.182381072011612, 22: -24.031833146500194, 41: -23.12236227868446, 172: -17.54416255957974, 144: -13.63846773233191, 111: -12.604568369800111, 65: -12.388249021260377, 150: -12.158367983401561, 69: -11.99236453469895, 57: -11.67876540530197}

Start time: 09/11/2019_17:21:37
End time: 09/11/2019_17:31:39