INPUT_LABEL_YML: /home/daniel/deepsy/SBS_Analize/Trans2Label/ProcessLabels/trans_poms_04/trans_poms.yml
LABEL: c_a_poms_sad
INPUT_DIST_FILE: /home/daniel/deepsy/TM/Dirs_of_Docs/c_sessions/results/inferencer_200-c_1turns_words_mini_small.txt
TRAIN_TEST_RATIO: 0.85

Train results:
gold:	[0 1 0 0 0 1 0 0 1 1 1 1 1 1 1 1 1 1 0 1 0 0 0 1 1 1 1 0 0 1 0 0 0 0 0 1 0 0 1 1 1 0 0 0 1 0 0 1 1 1 0 1 0 1 0 1 1 0 1 1 0 0 1 0 1 1 0 0 1 1 1 1 0 1 1 1 1 0 0 1 1 1 1 1 0 1 0 0 0 0 0 0 1 0 0 1 0 1 1 1 1 0 1 1 1 1 1 0 0 1 1 0 1 1 1 1 1 1 1 1 1 1 1 1 0 1 0 0 1 0 0 0 1 0 1 1 1 0 1 1 1 0 1 1 0 0 1 0 0 0 1 1 0 1 1 1 0 0 1 0 1 1 1 1 1 1 0 1 1 1 1 0 0 1 1 1 1 1 0 0 0 1 1 1 1 1 1 1 1 0 0 0 1 1 1 1 0 1 1 1 0 1 1 1 1 1 0 1 0 1 0 1 0 1 0 0 0 0 0 1 0 0 1 0 1 1 1 1 1 1 1 1 0 0 1 0 1 1 1 0 0 1 1 1 0 1 0 1 1 1 1 0 1 0 0 0 1 1 0 0 0 1 1 1 0 0 1 1 0 1 1 0 1 1 0 1 1 0 0 0 1 0 0 0 0 1 1 1 0 1 1 0 0 1 1 0 0 1 1 1 0 0 0 1 1 0 0 0 1 1 1 0 1 1 0 0 0 1 1 1 0 1 1 1 1 0 1 1 1 1 0 1 0 1 1 0 1 0 0 1 1 1 0 1 1 1 1 0 1 1 0 0 1 1 1 0 0 0 1 1 1 1 1 0 1 1 0 0 0 1 0 0 1 1 0 0 1 1 1 1 0 1 1 1 0 1 1 1 1 0 0 1 1 0 1 0 0 1 1 0 1 0 0 1 0 1 1 0 0 1 1 1 1 1 1 0 0 0 0 1 1 1 0 0 0 0 1 0 1 0 1 1 1 1 1 1 0 1 0 0 0 0 0 0 0 1 0 0 1 0 1 0 0 1 1 1 1 1 1 1 0 0 1 1]
hat:	[0 1 0 1 1 1 0 0 1 1 1 1 1 1 1 1 1 1 0 1 0 1 0 1 0 1 1 1 1 1 0 0 0 0 0 1 0 0 1 1 1 0 0 1 1 1 1 0 1 1 0 1 0 1 1 0 1 0 1 1 0 0 1 1 1 1 0 0 1 1 1 1 1 1 1 1 0 0 1 1 1 1 1 0 0 1 0 0 0 0 0 0 1 0 0 1 0 0 1 1 1 0 1 1 1 1 1 1 0 0 1 0 1 1 1 1 1 1 1 1 1 1 1 1 1 1 0 0 1 1 0 1 1 0 1 1 1 1 1 1 1 0 0 1 1 0 1 0 0 1 1 1 0 1 1 1 0 1 1 0 1 1 1 1 1 1 0 1 1 1 1 0 0 1 1 1 1 1 1 0 0 1 1 1 1 1 1 1 1 0 0 0 1 1 1 0 0 1 1 1 0 1 1 1 1 1 0 1 0 1 1 1 1 0 1 1 1 0 0 1 1 0 1 0 1 1 1 1 1 1 1 1 0 0 1 0 1 1 0 0 0 0 1 1 0 1 0 1 1 1 1 0 1 1 1 0 1 1 0 0 0 1 1 1 0 0 1 1 1 1 1 0 1 1 0 1 0 0 0 0 1 0 0 1 0 1 1 1 0 0 0 0 0 0 0 1 0 1 1 1 0 1 0 1 1 0 1 0 1 1 1 0 1 1 0 0 1 1 1 1 0 1 1 1 1 0 1 1 1 1 0 1 1 1 1 0 1 0 0 1 1 1 0 1 1 1 1 0 1 1 0 0 0 1 1 1 1 1 1 1 1 0 1 1 0 1 0 1 0 1 1 0 0 1 0 0 1 1 1 1 0 1 0 1 0 1 1 1 1 1 1 1 1 0 1 0 1 0 0 0 1 0 0 1 0 1 1 0 0 1 0 1 1 1 1 0 1 0 1 1 1 1 0 0 0 0 1 0 1 0 1 1 1 1 0 1 0 1 0 0 0 0 0 1 0 1 0 0 1 1 1 1 0 1 1 0 1 0 1 1 0 0 1 1]
Correct: 386/464 | Wrong: 78/464 | Acc: 83.19%

Test results:
gold:	[1 1 1 1 0 1 1 0 0 1 1 0 1 0 0 0 1 1 0 0 1 1 0 0 1 1 1 0 0 0 1 0 1 1 0 0 1 0 0 1 0 1 1 1 0 1 0 1 0 0 1 1 0 0 0 1 1 1 1 1 0 1 1 0 0 1 1 1 1 1 0 1 0 1 0 0 0 1 1 0 1 1]
hat:	[0 1 1 1 0 0 1 0 0 0 0 1 1 1 0 0 1 1 0 0 0 1 0 1 0 1 1 0 0 0 1 0 1 0 1 1 1 1 0 0 0 1 1 1 1 1 0 1 1 1 1 0 1 0 0 1 0 1 0 1 1 1 1 1 0 1 1 1 1 1 0 1 1 0 0 1 1 1 1 0 1 1]
Correct: 55/82 | Wrong: 27/82 | Acc: 67.07%

Most positive effective: {38: 20.16410156068543, 27: 17.844488683140796, 12: 16.767045595131453, 197: 14.549839500929519, 89: 14.194248959498944, 152: 13.716010146939333, 101: 11.591603451608714, 181: 11.497473781996192, 84: 10.747664811358861, 68: 10.47667590072853}
Most negative effective: {22: -29.759275110599845, 62: -22.66600777402794, 48: -20.053661431372966, 96: -19.550113964957532, 17: -13.957600994538724, 94: -13.41659457222841, 60: -13.112742428655997, 79: -13.081450387373366, 1: -11.732516603259949, 193: -11.222914341144829}

Start time: 09/11/2019_17:38:41
End time: 09/11/2019_17:45:19