INPUT_LABEL_YML: /home/daniel/deepsy/SBS_Analize/Trans2Label/ProcessLabels/trans_poms_02/trans_poms.yml
LABEL: c_a_poms_anger
INPUT_DIST_FILE: /home/daniel/deepsy/TM/Dirs_of_Docs/c_sessions/results/inferencer_200-c_1turns_words_mini_small.txt
TRAIN_TEST_RATIO: 0.85

Train results:
gold:	[1 0 0 0 0 0 1 0 0 1 0 0 0 1 1 0 1 0 1 0 0 1 0 1 0 1 0 0 0 0 0 0 0 0 0 1 0 0 0 1 0 0 1 0 1 0 1 0 0 1 0 1 0 1 1 0 1 0 0 0 0 0 0 0 0 1 1 0 0 1 0 0 0 0 1 0 0 0 0 1 0 0 1 0 0 1 0 1 1 1 1 0 0 0 1 0 1 0 0 1 1 1 1 1 0 1 0 0 0 0 0 0 1 0 0 0 0 1 0 0 0 1 1 0 0 1 0 1 0 0 1 0 0 0 0 1 0 1 0 1 1 0 1 1 1 1 0 0 1 1 0 1 0 1 0 1 0 0 0 1 0 0 0 1 1 0 0 0 1 1 0 1 1 0 0 1 0 0 0 0 0 0 0 1 1 1 0 0 0 0 0 0 1 0 0 1 0 1 0 1 1 0 1 0 0 1 0 0 1 0 0 1 0 1 1 1 1 0 1 0 1 0 0 1 1 0 0 0 1 1 0 0 0 1 0 1 1 0 1 1 1 0 1 1 0 0 0 1 1 0 0 1 1 1 1 0 0 1 0 0 0 0 1 1 1 0 0 0 1 0 1 1 0 0 1 1 0 0 0 0 1 1 0 0 0 0 0 0 0 1 1 0 1 0 0 1 0 0 0 1 0 0 0 1 1 0 1 1 1 0 1 1 0 0 1 0 0 1 0 0 0 1 0 1 0 1 1 0 0 0 0 0 0 0 0 1 0 0 0 0 1 1 0 1 1 0 0 0 1 0 1 1 0 1 0 0 1 0 1 0 0 1 0 0 0 0 1 0 0 0 0 1 1 0 1 1 1 0 1 0 0 0 1 1 1 1 0 0 1 1 1 0 0 0 1 0 0 0 0 0 0 0 0 0 0 1 0 0 0 1 0 0 0 1 0 0 0 1 0 1 0 1 0 1 0 0 1 1 0 1 0 1 1 1 0 0 1 1 1 1 1 0 0 1 0 1 0 1 1 0 1 1 0 0 0 0 1 0 1 0 0 1 0 0 1 0 0 1 0 1 1 1 0 0 0 0 1 1 1 1 0 0 1 0 0 1 1 0 1 1 0 0 0 0 1 0 1 0 1 1 0 0 0 0 0 1 1 1 0 1 0 1 0 0 1 1 0 0 1 1 0 0 0 0 1 0 0 1 1 1 0 1 0 0 0 0 0 0 0 0 0 0 0 0 0 1 0 1 1 0 1 1 1 0 0 0 0 0 1 1 0 0 0 0 1 0 0 1 0 0 1 1 0 0 0 0 0 0 1 0 1 0 0 1 0 1 1 0 0 0 1 0 1 0 1 1 0 0 1 1 0 0 0 1 0 0 1 1 0 0 0 0 0 0 1 0 0 0 0 0 0 1 0 1 1 1 1 0 0 1 0 0 1 1 1 0 0 1 0 1 1 0 0 0 0 0 1 0 0 0 0 1 0 1 0 0 1 0 1 1 0 0 0 0 0 0 1 0 0 0 0 0 1 0 0 0 0 0 1 0 0 0 0 1 1 1 1 0 0 1 1 1 1 0 0 1 0 1]
hat:	[1 1 0 0 0 0 0 1 0 1 0 0 0 1 1 0 1 0 1 0 0 0 0 1 0 0 0 0 0 0 0 0 0 0 0 1 0 0 0 0 0 0 1 0 0 0 1 0 0 0 0 1 0 1 0 0 1 0 1 0 0 1 0 1 0 0 1 0 0 1 0 1 0 0 0 1 0 0 0 0 0 0 1 1 0 0 0 0 1 0 0 0 0 0 1 0 1 0 0 1 0 0 0 1 0 0 0 0 0 0 1 1 1 0 0 0 0 0 0 0 0 0 1 0 0 1 0 0 1 0 1 0 0 0 0 1 0 1 0 1 1 0 1 1 1 0 0 0 1 0 0 0 0 0 0 1 0 0 0 1 0 0 0 1 1 1 0 0 1 1 0 1 0 0 0 0 0 0 0 0 0 0 0 1 1 0 0 0 0 0 0 0 1 1 0 1 0 1 0 1 0 1 1 0 0 0 0 1 1 0 0 1 0 1 0 1 0 0 1 0 1 0 0 1 1 0 0 0 1 0 1 0 0 1 0 1 0 0 0 1 1 0 0 1 0 0 0 1 0 0 0 0 1 1 0 0 0 1 0 0 0 0 1 0 1 0 0 0 0 0 1 1 0 0 1 0 1 1 1 0 1 0 0 0 0 0 0 0 0 1 0 0 1 0 0 0 0 0 0 1 0 0 0 0 0 0 1 1 1 1 0 0 0 0 1 0 0 1 0 1 0 1 0 1 0 0 1 0 0 0 0 0 0 0 0 1 0 0 1 0 1 1 0 1 1 0 1 0 1 0 1 1 0 0 0 0 1 0 1 0 0 0 0 0 0 0 0 1 0 0 0 1 1 0 1 0 1 0 1 0 0 0 1 1 1 1 0 0 0 0 1 0 0 1 1 0 0 0 0 0 0 0 0 0 0 0 0 0 0 1 1 0 0 1 0 1 0 0 0 1 0 1 0 0 0 0 0 0 1 0 0 0 0 1 0 0 0 0 0 1 0 0 0 0 0 0 0 1 0 0 1 1 0 1 0 0 1 0 1 0 0 0 1 0 1 0 0 0 0 0 0 1 0 0 0 0 0 0 1 0 0 0 0 0 1 1 1 0 1 1 0 0 0 1 0 0 1 0 0 0 0 0 0 0 0 0 0 0 0 1 0 1 1 0 1 0 0 0 1 0 0 0 0 0 0 0 0 1 1 1 0 1 0 0 0 0 0 0 1 1 0 0 1 0 0 0 0 0 0 1 0 1 1 0 0 1 1 0 0 1 0 0 0 1 0 0 0 1 0 0 1 0 0 0 0 0 0 0 1 1 1 0 0 1 0 1 0 0 0 0 1 0 0 0 1 0 0 0 1 1 0 0 0 0 0 0 0 0 0 0 0 0 0 0 0 0 0 0 0 0 1 1 0 1 1 0 1 1 0 0 0 0 0 1 0 0 1 1 0 1 1 0 0 0 0 0 1 0 0 0 0 0 1 1 0 1 0 0 1 1 0 1 0 0 0 0 0 1 0 1 0 0 1 0 0 0 0 0 1 0 0 0 0 1 1 1 0 1 0 1 1 0 1 0 0 1 0 1]
Correct: 537/698 | Wrong: 161/698 | Acc: 76.93%

Test results:
gold:	[0 1 0 1 0 0 0 1 0 0 0 1 1 1 1 0 0 0 0 1 1 0 1 1 1 1 1 0 1 1 1 0 0 0 0 1 0 0 0 1 1 1 1 0 1 1 0 0 1 1 0 0 0 1 0 1 1 1 1 0 1 1 0 0 0 0 1 0 0 1 0 0 1 0 0 0 0 0 1 0 0 0 1 0 0 0 1 0 0 0 1 0 1 1 1 0 0 0 0 0 1 0 0 0 0 1 1 0 0 1 1 1 1 1 0 0 1 1 1 0 0 0 1]
hat:	[0 0 1 0 0 0 0 0 0 0 0 1 1 0 0 0 0 0 1 0 0 0 0 1 0 0 1 0 1 1 1 1 0 1 1 1 0 0 0 1 0 1 1 0 0 0 1 1 1 0 0 0 0 1 0 1 1 1 0 0 0 0 0 0 0 0 1 0 0 0 0 0 1 0 1 0 0 0 1 0 0 1 0 0 0 0 0 0 0 0 0 1 1 1 0 0 0 0 1 0 0 0 0 1 0 0 1 1 0 1 1 0 1 0 0 0 1 1 1 1 0 0 1]
Correct: 83/123 | Wrong: 40/123 | Acc: 67.48%

Most positive effective: {89: 28.3775693843092, 15: 25.17663604308121, 152: 23.21569931423789, 76: 15.850210250340961, 128: 15.841454826151534, 23: 13.253534153601077, 84: 13.012367555742612, 56: 12.316629435967833, 27: 12.123963900828551, 26: 6.793941356969447}
Most negative effective: {22: -33.93507660787037, 184: -23.83761367236888, 155: -15.346813467166069, 41: -14.895082556725582, 17: -12.906844056059503, 87: -11.605102925464228, 196: -11.47112319186113, 141: -8.315592797101676, 111: -8.196831914442974, 153: -8.183483069099296}

Start time: 09/11/2019_17:09:47
End time: 09/11/2019_17:18:10