INPUT_LABEL_YML: /home/daniel/deepsy/SBS_Analize/Trans2Label/ProcessLabels/trans_poms_08/trans_poms.yml
LABEL: c_a_poms_positive
INPUT_DIST_FILE: /home/daniel/deepsy/SBS_Analize/Trans2Label/ProcessLabels/rand/rand.txt
TRAIN_TEST_RATIO: 0.8

Train results:
gold:	[0 1 1 0 1 1 0 1 1 1 0 1 1 0 1 0 0 1 0 1 1 0 0 0 1 0 1 1 1 0 1 0 0 1 0 0 1 0 0 1 1 0 1 0 0 1 0 1 1 0 1 1 1 0 1 1 0 1 0 1 0 1 1 1 1 1 0 0 0 0 0 0 1 1 0 0 1 0 1 0 1 0 0 1 1 0 1 0 0 0 0 1 1 0 1 0 0 1 0 1 1 1 0 0 1 1 0 0 1 0 1 1 0 1 1 0 1 0 1 1 1 1 0 0 1 1 0 1 1 1 0 1 1 1 0 1 1 0 0 0 0 1 0 0 1 0 0 1 1 0 1 1 1 1 1 1 1 1 0 0 0 1 1 1 0 1 1 1 1 1 0 0 1 1 1 0 1 1 1 0 1 1 0 0 0 0 1 1 1 1 1 1 0 0 1 0 1 1 0 0 1 1 0 1 1 0 1 1 0 1 0 0 1 0 0 1 1 1 0 0 0 1 1 1 1 0 1 1 0 1 1 0 0 0 0 0 0 0 1 0 1 1 0 0 1 0 0 0 0 1 0 0 0 0 0 1 0 1 0 0 1 1 1 1 1 1 1 0 1 0 1 0 1 0 0 1 1 0 1 1 1 1 0 1 1 1 1 1 0 0 1 1 0 0 0 0 0 1 0 0 1 1 1 0 1 1 1 1 0 1 1 1 1 1 0 1 1 0 1 1 1 1 1 1 1 1 1 0 1 1 1 0 0 0 0 0 1 0 1 1 0 1 0 0 0 1 1 1 0 1 0 0 0 0 1 1 1 1 1 0 0 0 1 1 0 0 0 1 0 0 1 0 0 1 0 1 1 1 0 0 1 1 1 1 1 0 1 1 0 0 1 1 1 0 0 0 1 0 1 1 1 1 0 0 1 1 1 1 1 0 0 0 0 1 1 1 1 0 1 1 0 1 1 1 1 1 0 1 0 1 1 0 1 1 1 0 0 1 1 0 1 0 0 1 1 0 1 0 0 0 0 0 1 0 1 0 0 1 1 1 0 0 1 1 1 1 1 0 0 1 0 1 0 1 1 0 0 0 1 0 1 0 0 1 0 0 0 1 1 0 0 1 1 0 0 1 1 1 0 1 1 1 0 0 1 0 1 0 1 1 0 1 1 1 0 0 1 1 0 0 1 1 0 1 1 0 0 0 1 1 1 1 1 1 1 0 1 1 0 1 1 1 1 0 1 0 0 0 0 0 0 0 1 1 1 1 1 1 0 0 1 1 1 1 1 1 0 1 0 0 0 1 1 0 1 1 0 1 0 0 0 1 0 1 1 1 1 1 1 0 0 1 1 1 0 1 1 1 0 1 0 0 0 0 1 1 0 0 1 0 1 1 1 0 1 0 1 0 1 0 1 0 1 1 0 1 0 1 0 1 0 0 1 1 0 1 0 1 1 0 0 0 0 1 1 0 0 1 0 1 1 1 1 0 1 1 1]
hat:	[1 1 1 1 1 1 1 1 1 1 1 1 1 1 1 1 1 1 1 1 1 1 1 1 1 1 1 1 1 1 1 1 1 1 1 1 1 1 1 1 1 1 1 1 1 1 1 1 1 1 1 1 1 1 1 1 1 1 1 1 1 1 1 1 1 1 1 1 1 1 1 1 1 1 1 1 1 1 1 1 1 1 1 1 1 1 1 1 1 1 1 1 1 1 1 1 1 1 1 1 1 1 1 1 1 1 1 1 1 1 1 1 1 1 1 1 1 1 1 1 1 1 1 1 1 1 1 1 1 1 1 1 1 1 1 1 1 1 1 1 1 1 1 1 1 1 1 1 1 1 1 1 1 1 1 1 1 1 1 1 1 1 1 1 1 1 1 1 1 1 1 1 1 1 1 1 1 1 1 1 1 1 1 1 1 1 1 1 1 1 1 1 1 1 1 1 1 1 1 1 1 1 1 1 1 1 1 1 1 1 1 1 1 1 1 1 1 1 1 1 1 1 1 1 1 1 1 1 1 1 1 1 1 1 1 1 1 1 1 1 1 1 1 1 1 1 1 1 1 1 1 1 1 1 1 1 1 1 1 1 1 1 1 1 1 1 1 1 1 1 1 1 1 1 1 1 1 1 1 1 1 1 1 1 1 1 1 1 1 1 1 1 1 1 1 1 1 1 1 1 1 1 1 1 1 1 1 1 1 1 1 1 1 1 1 1 1 1 1 1 1 1 1 1 1 1 1 1 1 1 1 1 1 1 1 1 1 1 1 1 1 1 1 1 1 1 1 1 1 1 1 1 1 1 1 1 1 1 1 1 1 1 1 1 1 1 1 1 1 1 1 1 1 1 1 1 1 1 1 1 1 1 1 1 1 1 1 1 1 1 1 1 1 1 1 1 1 1 1 1 1 1 1 1 1 1 1 1 1 1 1 1 1 1 1 1 1 1 1 1 1 1 1 1 1 1 1 1 1 1 1 1 1 1 1 1 1 1 1 1 1 1 1 1 1 1 1 1 1 1 1 1 1 1 1 1 1 1 1 1 1 1 1 1 1 1 1 1 1 1 1 1 1 1 1 1 1 1 1 1 1 1 1 1 1 1 1 1 1 1 1 1 1 1 1 1 1 1 1 1 1 1 1 1 1 1 1 1 1 1 1 1 1 1 1 1 1 1 1 1 1 1 1 1 1 1 1 1 1 1 1 1 1 1 1 1 1 1 1 1 1 1 1 1 1 1 1 1 1 1 1 1 1 1 1 1 1 1 1 1 1 1 1 1 1 1 1 1 1 1 1 1 1 1 1 1 1 1 1 1 1 1 1 1 1 1 1 1 1 1 1 1 1 1 1 1 1 1 1 1 1 1 1 1 1 1 1 1 1 1 1 1 1 1 1 1 1 1 1 1 1 1 1 1 1 1 1 1 1 1 1 1 1 1 1 1 1 1 1 1 1 1 1 1 1 1 1 1 1 1 1 1 1 1 1 1 1]
Correct: 368/657 | Wrong: 289/657 | Acc: 56.01%

Test results:
gold:	[1 1 1 1 0 0 0 1 1 0 1 1 1 0 1 0 1 1 0 0 1 0 0 1 0 1 0 0 1 0 0 1 0 0 0 0 0 1 0 1 0 1 0 0 1 0 1 1 0 1 0 1 0 0 0 1 1 1 0 1 1 1 0 0 0 0 0 0 0 0 0 0 1 1 0 1 1 0 0 0 1 1 0 0 0 1 1 1 1 1 0 1 1 1 1 0 1 1 0 1 1 0 0 1 1 1 1 0 0 1 1 0 0 1 1 0 0 1 1 0 1 1 1 0 0 1 1 1 1 1 1 0 1 0 0 0 1 0 0 0 1 0 1 1 0 0 1 0 0 0 1 0 0 0 0 0 1 0 1 0 1 0 1 0]
hat:	[1 1 1 1 1 1 1 1 1 1 1 1 1 1 1 1 1 1 1 1 1 1 1 1 1 1 1 1 1 1 1 1 1 1 1 1 1 1 1 1 1 1 1 1 1 1 1 1 1 1 1 1 1 1 1 1 1 1 1 1 1 1 1 1 1 1 1 1 1 1 1 1 1 1 1 1 1 1 1 1 1 1 1 1 1 1 1 1 1 1 1 1 1 1 1 1 1 1 1 1 1 1 1 1 1 1 1 1 1 1 1 1 1 1 1 1 1 1 1 1 1 1 1 1 1 1 1 1 1 1 1 1 1 1 1 1 1 1 1 1 1 1 1 1 1 1 1 1 1 1 1 1 1 1 1 1 1 1 1 1 1 1 1 1]
Correct: 80/164 | Wrong: 84/164 | Acc: 48.78%

Most positive effective: {148: 0.09550484382663957, 83: 0.08701637555120102, 70: 0.08647968394583914, 88: 0.086448132213195, 71: 0.07885266048222664, 52: 0.07064112741094324, 32: 0.06515906463901888, 199: 0.060851188940151124, 145: 0.0588802381247179, 149: 0.0564507198442261}
Most negative effective: {43: -0.12727018326630798, 178: -0.09628248116243586, 189: -0.08317012952516681, 6: -0.08062401959030177, 45: -0.07681301187367466, 2: -0.0675848854122329, 5: -0.0663147864816612, 76: -0.06449985726032782, 143: -0.06404077643854833, 82: -0.06333643973567664}

Start time: 10/11/2019_16:06:43
End time: 10/11/2019_16:06:48