INPUT_LABEL_YML: /home/daniel/deepsy/SBS_Analize/Trans2Label/ProcessLabels/trans_poms_11/trans_poms.yml
LABEL: c_a_poms_negative
INPUT_DIST_FILE: /home/daniel/deepsy/TM/Dirs_of_Docs/c_sessions/results/inferencer_200-c_1turns_words_mini_small.txt
TRAIN_TEST_RATIO: 0.85

Train results:
gold:	[1 1 1 1 1 0 1 0 1 0 0 1 0 0 0 0 1 1 1 0 1 1 1 1 0 0 0 1 1 1 0 0 1 1 0 0 0 0 0 1 0 1 1 0 1 1 1 1 0 1 1 1 1 1 1 0 1 1 1 0 0 1 1 0 0 1 1 0 0 0 0 0 0 0 0 0 0 0 1 0 0 0 1 1 1 0 0 1 0 1 0 0 0 0 0 0 1 1 1 0 1 1 0 0 1 1 0 1 0 1 1 1 0 0 1 0 0 1 0 1 0 1 0 0 1 1 0 0 0 0 0 1 1 0 1 1 0 1 0 0 0 1 1 0 1 1 1 0 1 1 0 0 0 1 1 0 1 1 1 1 0 1 0 1 1 0 0 1 0 1 1 1 1 1 0 0 1 0 0 0 0 0 1 1 1 1 0 1 0 1 1 1 1 1 1 0 0 0 1 1 0 0 1 0 0 1 0 0 0 1 1 0 0 0 1 0 1 1 1 0 1 1 1 0 1 1 0 0 0 0 1 0 1 1 1 0 0 1 1 1 0 1 1 1 1 0 1 1 0 1 1 1 1 0 0 0 1 1 1 1 0 0 1 1 1 1 0 1 1 0 1 0 0 0 1 0 1 1 0 1 1 0 0 0 0 1 0 1 0 0 1 1 0 1 1 1 1 0 1 0 0 0 0 0 1 1 1 1 0 0 0 1 0 1 0 0 1 1 1 1 1 1 0 0 0 1 0 0 1 1 1 0 0 0 0 0 0 1 1 0 0 1 0 0 0 0 0 0 0 0 1 0 1 0 1 0 0 0 1 0 0 1 0 0 0 0 1 1 1 1 1 1 1 0 0 1 1 1 1 0 0 1 0 0 0 0 1 1 1 1 0 0 0 0 0 1 0 0 0 0 0 0 0 1 0 0 0 0 0 0 0 1 0 0 1 1 0 0 0 0 1 1 1 1 0 0 1 0 0 1 0 0 1 1 1 0 0 1 0 1 0 1 0 1 0 0 1 0 0 0 0 1 1 1 0 1 1 0 1 0 1 1 1 0 0 1 0 1 1 0 0 1 0 1 0 0 0 1 0 1 0 1 0 1 0 0 0 0 0 0 1 1 0 0 0 1 1 1 1 0 1 0]
hat:	[1 1 0 1 1 0 1 0 0 0 0 0 0 0 0 0 1 1 1 0 1 1 0 1 0 0 1 0 1 1 1 0 1 1 0 0 0 0 0 1 0 1 1 0 1 1 0 1 0 1 1 1 1 1 1 0 1 1 1 0 0 1 1 0 0 1 1 0 0 0 0 0 0 0 0 0 0 0 1 0 0 0 1 0 1 0 0 1 0 1 0 0 0 0 0 0 1 0 0 0 0 0 0 0 1 1 0 1 0 1 1 1 0 0 1 0 0 0 0 1 1 1 0 0 0 0 0 0 0 0 0 1 1 0 1 1 0 1 0 1 0 1 1 0 1 0 1 0 1 1 0 0 1 1 0 0 0 1 1 1 0 1 0 1 1 0 1 1 1 1 1 1 1 1 0 0 1 0 1 0 0 1 1 0 1 0 0 1 0 1 1 1 0 1 1 0 1 1 1 1 0 0 0 1 0 0 0 0 0 1 1 1 0 0 1 0 1 1 1 0 1 1 1 1 0 0 0 0 0 1 1 0 1 1 1 0 0 0 1 1 0 1 1 1 1 1 1 1 0 1 0 1 1 0 0 0 1 1 1 1 0 1 0 1 0 1 0 1 1 0 0 0 0 0 1 0 1 1 0 1 1 0 0 0 0 1 0 1 0 1 1 1 0 1 1 1 1 0 1 0 0 0 0 0 1 1 1 1 1 0 0 1 1 1 0 0 1 1 0 1 1 1 1 0 0 1 0 0 1 1 1 1 0 0 0 0 0 0 1 1 0 1 0 0 0 0 0 0 0 0 0 1 0 0 1 0 0 0 1 0 0 1 0 0 0 0 1 1 1 1 1 1 1 1 0 1 1 1 1 1 0 1 0 0 0 0 1 1 1 1 0 0 0 0 0 1 0 0 0 0 0 0 0 1 1 0 0 0 0 0 1 0 0 0 0 0 0 1 0 0 1 0 0 1 1 0 0 0 0 0 0 0 0 1 1 0 0 1 1 1 0 1 0 1 0 0 0 0 0 0 0 1 1 1 0 1 1 0 1 0 1 1 0 0 0 1 0 0 1 1 0 1 0 1 0 1 0 1 1 0 0 1 0 1 0 0 0 0 0 0 1 1 0 0 0 1 1 1 1 0 1 0]
Correct: 423/502 | Wrong: 79/502 | Acc: 84.26%

Test results:
gold:	[0 0 1 0 1 0 1 1 0 1 1 0 0 1 0 0 1 1 1 0 1 0 0 1 1 1 0 0 0 0 1 1 0 0 1 1 1 1 1 0 0 0 0 1 0 1 0 1 0 0 0 1 1 0 1 0 1 1 1 1 0 0 1 1 1 0 0 0 1 1 1 0 0 0 1 1 0 1 1 0 1 0 1 1 1 0 0 1 1]
hat:	[1 1 0 0 0 0 1 1 0 1 1 0 1 1 1 0 1 1 0 0 0 0 0 1 0 0 1 0 0 1 1 0 0 1 1 1 1 0 0 0 0 0 1 0 0 1 0 1 1 1 0 0 1 0 0 0 1 1 1 0 1 0 1 0 1 1 0 0 0 1 0 0 0 0 1 0 1 1 1 0 0 0 1 1 1 0 0 1 0]
Correct: 57/89 | Wrong: 32/89 | Acc: 64.04%

Most positive effective: {27: 25.798282571063773, 152: 21.53177814613883, 159: 19.64058735417593, 12: 16.149681747526927, 145: 15.49593531053993, 71: 13.057675707740977, 68: 13.03309878562242, 0: 11.751913127895119, 101: 11.242077840350868, 180: 11.084896415950606}
Most negative effective: {185: -44.94002001332803, 22: -38.949293191840376, 96: -23.764862039838043, 94: -21.924331590069492, 111: -20.234139729434048, 41: -19.170394528333357, 130: -17.459657502793586, 153: -16.64280410314925, 141: -13.71001919945649, 178: -13.244353201566504}

Start time: 10/11/2019_19:21:11
End time: 10/11/2019_19:27:04