INPUT_LABEL_YML: /home/daniel/deepsy/SBS_Analize/Trans2Label/ProcessLabels/trans_poms_09/trans_poms.yml
LABEL: c_a_poms_negative
INPUT_DIST_FILE: /home/daniel/deepsy/TM/Dirs_of_Docs/c_sessions/results/inferencer_200-c_1turns_words_mini_small.txt
TRAIN_TEST_RATIO: 0.85

Train results:
gold:	[0 0 0 1 1 1 1 1 0 0 0 1 1 0 1 1 0 1 0 0 1 1 1 0 1 0 0 0 0 0 1 0 0 0 1 0 0 1 1 1 0 1 0 1 0 0 1 1 0 0 0 0 1 0 0 0 1 1 0 0 0 1 0 1 0 0 0 0 0 1 0 1 1 0 1 0 1 0 0 1 0 0 0 0 1 0 1 0 1 0 0 1 0 0 0 1 0 0 0 1 0 0 0 0 1 0 0 0 0 1 0 1 0 1 0 0 0 0 1 0 0 0 0 0 0 0 0 1 0 1 1 0 0 1 0 1 0 0 1 1 1 1 1 0 0 0 0 0 1 0 0 0 1 1 0 1 1 1 0 0 1 0 1 1 0 0 0 1 0 1 1 0 1 1 1 1 1 0 0 1 0 0 0 1 0 0 0 0 0 0 1 1 1 0 1 0 0 1 0 0 1 0 1 0 1 1 1 0 0 1 0 0 1 0 1 0 0 0 0 1 0 1 0 1 0 1 1 1 1 0 0 0 0 0 0 1 1 0 0 0 1 0 0 1 1 0 0 0 1 0 0 0 1 0 0 0 1 0 1 0 1 0 1 0 0 0 0 1 1 0 1 0 1 0 0 0 0 1 1 0 1 0 0 0 1 0 1 0 0 1 1 0 0 0 0 1 0 1 1 1 1 0 1 1 1 1 1 1 0 1 0 1 0 0 0 1 1 1 1 1 0 1 0 1 1 1 0 0 1 1 0 1 1 0 0 0 0 1 1 0 1 0 0 0 1 0 0 0 0 1 1 0 1 0 0 1 0 0 0 0 0 0 0 0 1 0 1 0 0 1 1 1 0 0 0 1 1 0 0 1 1 1 0 1 0 1 0 0 1 0 1 1 1 0 1 0 0 1 0 1 1 1 1 0 0 0 1 0 0 0 0 0 0 0 0 0 0 1 0 1 0 0 0 1 0 1 1 1 0 1 0 0 0 0 0 1 0 1 0 0 0 1 1 0 0 1 0 1 0 1 1 0 0 1 0 0 0 0 0 1 0 0 0 1 0 0 1 0 1 1 0 1 1 0 1 0 0 0 1 0 0 1 0 1 1 0 0 0 1 1 1 0 0 0 1 1 1 0 0 0 1 1 0 0 0 0 1 1 0 1 1 0 0]
hat:	[1 0 0 0 1 1 1 1 0 0 0 0 1 0 0 1 0 0 1 0 1 1 1 0 1 0 0 0 0 0 0 0 0 0 1 0 0 1 0 1 0 1 0 1 0 1 1 1 0 0 0 0 1 0 0 0 1 0 0 0 0 1 0 0 0 1 0 0 0 1 0 1 1 0 1 0 1 0 0 0 0 0 0 0 1 0 0 0 1 0 0 1 0 0 0 1 0 0 0 1 0 1 0 0 1 0 0 1 0 1 0 1 0 1 1 0 0 0 1 0 0 1 0 0 0 0 0 0 0 1 0 0 0 1 0 1 0 1 1 0 0 1 1 0 0 0 0 1 1 0 0 0 0 0 0 1 0 1 0 0 0 1 0 0 0 0 0 1 0 0 1 1 1 1 0 1 0 0 1 1 0 0 1 1 0 0 1 1 1 1 1 1 1 0 0 0 0 1 0 1 0 0 1 0 1 1 1 0 1 0 0 0 1 0 0 1 0 0 0 1 0 1 1 1 1 0 1 0 1 0 1 0 0 0 0 1 1 1 0 0 1 0 0 1 1 0 0 0 1 0 1 0 0 0 0 0 1 0 1 0 1 0 0 1 0 0 1 1 0 0 0 0 1 0 0 0 0 0 1 0 1 0 0 0 1 0 0 0 0 1 1 0 0 0 0 0 0 1 0 1 1 0 1 1 1 0 0 1 0 1 0 1 0 0 0 1 0 1 1 1 0 1 0 1 1 1 0 0 1 1 0 1 1 0 1 0 0 0 0 0 1 0 0 0 1 0 0 0 0 1 1 0 1 1 0 0 0 0 0 0 0 0 0 1 1 0 0 0 0 0 0 1 0 0 0 1 1 0 0 1 1 1 0 1 1 1 1 0 1 0 1 1 0 0 1 0 0 1 0 1 1 1 1 1 0 0 1 0 0 0 0 0 0 1 0 0 0 1 0 1 0 0 0 1 0 1 1 0 0 0 1 0 0 0 0 1 0 0 0 0 0 0 0 0 0 0 0 1 0 1 0 0 0 0 0 0 0 0 0 1 0 0 0 1 0 0 1 0 1 1 0 1 1 0 1 0 0 0 1 0 0 0 0 1 0 0 0 1 1 0 1 0 0 0 0 0 1 0 0 0 1 0 0 0 0 0 1 1 0 1 1 0 0]
Correct: 415/513 | Wrong: 98/513 | Acc: 80.9%

Test results:
gold:	[0 1 1 1 1 0 0 1 1 1 0 1 1 0 0 0 1 0 1 0 0 1 1 0 1 0 0 0 0 1 0 0 1 1 1 0 0 1 0 0 0 0 0 0 1 0 1 0 1 0 0 1 0 0 0 0 0 1 1 0 0 0 0 1 0 0 0 0 0 0 0 1 0 0 0 1 0 0 1 0 0 1 0 0 1 1 0 0 0 1]
hat:	[0 1 0 1 1 1 1 1 1 1 1 1 0 1 0 1 1 0 1 0 0 0 1 0 0 1 0 0 0 1 1 0 0 1 0 0 0 1 0 0 0 0 1 0 0 0 0 0 1 0 0 1 0 0 0 1 1 1 1 1 0 1 1 1 0 0 1 0 1 1 0 1 0 0 0 0 0 1 1 0 0 1 0 1 1 1 0 0 1 0]
Correct: 61/90 | Wrong: 29/90 | Acc: 67.78%

Most positive effective: {27: 24.80843965182388, 152: 15.123234998211633, 173: 14.867129262647994, 180: 14.524999253576766, 89: 13.375517567102953, 78: 11.667148063438834, 68: 9.752904732092391, 35: 9.62518182599276, 117: 9.59265172649385, 82: 9.236713567599693}
Most negative effective: {48: -36.954237579982674, 22: -27.563993497927306, 111: -25.577366297664202, 64: -23.309486532964762, 193: -12.29263299580512, 69: -12.015600094793156, 50: -11.276539753355276, 4: -10.649319570088965, 96: -10.536602240746099, 49: -10.372991104958338}

Start time: 10/11/2019_18:36:46
End time: 10/11/2019_18:42:32