INPUT_LABEL_YML: /home/daniel/deepsy/SBS_Analize/Trans2Label/ProcessLabels/trans_poms_12/trans_poms.yml
LABEL: c_a_poms_positive
INPUT_DIST_FILE: /home/daniel/deepsy/TM/Dirs_of_Docs/c_sessions/results/inferencer_200-c_1turns_words_mini_small.txt
TRAIN_TEST_RATIO: 0.85

Train results:
gold:	[1 1 0 0 0 0 1 1 0 1 0 1 1 0 1 1 0 1 0 1 0 0 0 0 0 0 0 1 0 1 1 1 1 0 1 0 1 1 0 0 1 0 0 0 1 1 1 0 1 0 0 0 1 1 0 0 1 1 0 0 0 0 0 1 1 1 1 0 1 1 0 1 0 0 0 0 1 1 1 1 0 1 1 1 0 1 0 0 0 1 0 1 1 1 1 1 1 0 1 1 1 1 1 0 1 0 1 1 1 0 0 0 1 0 0 0 1 0 0 0 1 0 0 1 0 1 1 0 0 0 0 0 1 1 1 1 0 0 1 0 1 0 1 1 0 0 1 1 0 1 0 0 1 0 1 1 1 1 1 1 0 1 1 0 0 1 0 1 0 0 1 0 1 1 1 0 1 0 0 1 1 0 0 0 1 1 0 1 1 0 0 1 1 0 0 1 0 1 1 1 1 0 0 0 0 1 0 0 0 0 0 1 1 1 1 0 1 1 1 0 1 1 1 1 1 0 0 0 1 1 0 1 0 1 1 0 1 1 0 1 0 1 0 1 1 1 1 1 0 1 1 0 1 1 0 1 0 0 0 0 0 0 1 0 1 1 0 1 0 1 0 1 1 1 0 1 1 0 0 0 0 1 1 1 0 0 1 1 1 1 0 1 1 1 0 0 1 1 1 1 0 0 1 0 0 1 0 0 1 0 0 1 0 0 0 0 1 1 1 1 1 0 1 0 0 0 1 1 0 0 0 0 0 1 0 1 0 0 0 0 0 0 0 1 1 0 0 0 0]
hat:	[1 1 0 0 0 0 1 1 0 1 1 1 1 0 1 1 1 1 0 1 0 0 0 1 0 0 0 1 0 1 1 1 1 0 1 0 1 1 0 0 1 0 0 0 1 1 1 0 1 0 0 1 1 1 0 0 1 1 0 0 0 0 0 0 1 1 1 0 1 1 0 1 0 0 0 0 1 1 1 1 0 1 1 1 0 1 0 0 0 1 0 1 1 1 1 1 1 0 1 1 1 1 0 0 1 0 1 1 1 0 0 0 0 0 0 0 1 0 0 0 1 0 1 1 0 1 1 0 0 0 0 0 1 1 1 0 0 0 1 0 0 0 1 1 0 0 1 1 0 1 0 0 1 0 1 1 1 1 1 1 0 1 0 0 0 1 0 1 0 0 1 1 1 1 1 0 1 0 0 1 0 0 0 0 1 1 0 1 1 0 0 1 1 0 0 1 0 1 1 1 1 0 0 0 0 1 0 0 1 0 0 1 1 1 1 0 1 1 1 0 1 1 1 1 1 0 0 0 1 1 0 1 0 1 1 1 1 1 0 0 0 1 1 1 1 1 1 1 0 1 1 0 1 1 0 1 0 0 0 0 0 0 1 0 1 1 0 1 1 1 1 1 1 1 1 0 1 0 0 0 0 1 1 1 0 0 1 0 1 1 0 1 1 1 0 0 1 1 1 1 0 0 1 0 0 1 0 0 1 0 0 1 0 0 0 0 1 1 1 1 1 0 1 0 0 0 1 0 0 0 0 0 0 1 0 1 0 0 0 0 0 0 0 1 1 1 0 0 0]
Correct: 325/349 | Wrong: 24/349 | Acc: 93.12%

Test results:
gold:	[1 1 1 0 0 0 1 1 0 0 1 1 0 0 1 1 0 1 1 1 1 1 0 0 1 0 1 0 1 1 0 0 1 1 0 1 1 0 1 0 1 1 1 1 1 0 1 1 0 0 0 0 1 1 0 1 0 1 0 1 0 0]
hat:	[0 0 1 0 0 0 1 1 1 0 0 1 0 0 1 1 1 1 1 1 1 1 0 0 1 0 1 0 1 0 0 0 1 1 0 1 1 0 1 0 1 1 1 1 1 0 1 1 0 0 0 1 1 1 0 1 0 1 0 1 0 0]
Correct: 55/62 | Wrong: 7/62 | Acc: 88.71%

Most positive effective: {22: 62.25938931410206, 17: 33.41178922344286, 81: 33.146415926937195, 166: 31.95288274360897, 63: 28.02462874870857, 187: 26.129556593812577, 167: 25.71453021248903, 94: 21.450032956345062, 59: 19.184837165033073, 147: 19.17346266839657}
Most negative effective: {6: -58.42748542760314, 19: -45.12872173822848, 139: -44.159756840005564, 7: -39.05775411564384, 197: -37.51813329282224, 113: -34.05830762042781, 13: -33.89540760435084, 68: -32.63506174207571, 152: -29.5975770931435, 72: -25.38817574706981}

Start time: 10/11/2019_20:08:30
End time: 10/11/2019_20:13:32