INPUT_LABEL_YML: /home/daniel/deepsy/SBS_Analize/Trans2Label/ProcessLabels/trans_rupture_03/trans_rupture.yml
LABEL: t_a_rupture1
INPUT_DIST_FILE: /home/daniel/deepsy/TM/Dirs_of_Docs/c_sessions/results/inferencer_200-c_1turns_words_mini_small.txt
TRAIN_TEST_RATIO: 0.85

Train results:
gold:	[0 1 1 0 1 0 1 0 1 0 1 0 0 1 0 1 0 0 1 1 1 0 0 1 0 1 0 1 0 0 1 0 1 1 1 1 1 0 0 0 1 0 0 1 0 1 1 0 0 0 1 0 1 1 1 0 0 0 0 0 0 0 1 0 1 0 1 0 1 1 1 1 0 0 0 1 1 0 1 1 0 1 0 1 1 1 0 0 0 0 1 1 1 1 1 1 0 0 0 0 0 0 1 1 1 0 0 0 0 0 0 0 0 1 1 1 0 1 1 0 0 0 0 1 0 0 1 0 0 0 0 1 1 0 0 1 0 1 1 0 0 0 0 0 0 0 0 0 0 1 1 0 0 0 0 0 0 0 1 1 0 0 1 0 0 0 0 1 0 1 0 1 0 1 1 0 1 1 1 0 0 1 1 0 1 0 0 1 0 0 0 1 1 0 0 1 1 0 1 0 0 1 0 0 0 1 0 0 1 0 0 1 1 1 0 1 1 0 1 1 1 1 1 0 1 0 1 0 1 0 0 1 1 0 1 1 1 0 1 0 1 1 1 0 0 0 1 0 0 1 0 1 0 0 1 1 0 0 1 1 0 1 1 0 0 1 0 0 1 0 1 0 0 1 0 1 1 1 0 1 1 0 1 0 1 0 0 1 0 1 0 0 1 1 1 1 0 1 1 1 0 1 0 1 0 0 0 1 0 1 1 0 0 1 0 1 0 0 0 1 1 0 1 0 0 1 0 1 0 1 0 1 1 0 0 0 1 1 0 0 0 1 0 1 0 0 0 1 0 1 0 1 0 1 0 1 1 0 1 0 0 1 1 1 1 1 1 1 0 0 1 0 0 0 1 1 1 0 0 1 1 1 0 1 1 1 1 1 1 1 1 0 0 0 0 0 0 1 1 0 0 0 0 1 1 1 1 0 0 1 0 0 1 0 0 0 0 1 0 0 0 0 0 0 0 1 0 0 1 0 1 0 0 1 0 0 0 1 1 0 0 1 1 1 0 1 1 0 0 0 0 1 1 1 1 0 1 0 0 1 0 1 1 1 0 0 0 1 0 1 0 0 1 0 1 1 0 1 0 0 0 0 0 0 0 0 1 1 0 1 0 0 1 1 1 1 0 0 1 0 1 1 1 1 0 1 1 1 1 0 0 1 0 0 0 0 0 1 1 1 0 1 0 0 0 1 0 0 1 0 1 0 0 0 0 1 0 1 1 1 0 1 0 1 0 0 0 1 0 1 1 0 0 0 0 0 1 0 0 1 0 0 0 0 0 1 1 1 1 1 1 0 1 0 1 0 0 0 0 1 1 1 0 1 1 0 0 0 1 0 0 0 1 0 0 0 0 0 0 0 1 0 1 1 1 1 1 0 0 0 1 0 1 0 1 1 1 0 0 1 1 1 1 1 1 1 1 0 0 1 1 0 1 0 1 1 1 0 1 0 0 0 0 0 1 1 0 0 1 0 0 0 1 1 1 1 0 0 1 0 0 1 1 1 1 1 0 1 1 0 0 0 1 1 0 1 0 0 1 1 1 1 0 0 0 1 1 1 0 1 0 1 0 0 1 0 1 1 1 0 1 0 0 1 0]
hat:	[0 0 1 1 0 1 1 0 0 1 1 1 0 1 1 1 1 0 1 1 0 0 0 0 0 1 0 1 0 0 0 0 1 1 0 1 1 1 0 0 0 0 0 1 1 1 1 0 0 0 1 0 0 1 1 0 0 0 0 0 0 0 1 0 1 0 1 0 1 1 1 0 1 0 0 0 0 0 0 0 1 1 0 0 1 0 0 0 0 0 1 1 0 1 1 0 0 0 0 0 0 0 1 0 1 0 0 0 0 0 0 0 0 1 1 0 0 0 1 0 1 0 0 1 1 0 0 0 0 1 0 1 1 0 1 1 0 1 0 0 0 0 1 0 0 0 0 0 1 0 1 0 1 0 1 0 0 0 1 1 1 1 1 0 0 1 0 1 0 1 1 1 0 0 1 0 1 1 1 0 0 0 1 0 0 0 0 1 0 0 0 1 1 0 0 1 1 0 0 0 0 1 0 0 0 1 1 0 1 0 0 1 1 0 0 0 0 0 1 1 1 1 0 0 1 0 0 1 0 0 0 1 0 0 1 1 1 0 1 0 1 0 1 0 1 0 1 0 0 0 0 1 0 0 1 1 0 0 1 1 0 1 1 0 0 1 0 0 1 0 1 0 0 1 1 0 1 1 0 1 1 0 1 1 1 0 0 0 1 1 0 0 1 0 1 1 0 1 0 0 0 0 0 1 0 0 0 1 0 1 1 0 1 1 0 0 0 0 0 0 1 0 1 0 0 0 0 1 1 0 0 1 1 0 0 0 0 1 0 0 0 1 0 1 0 0 1 0 1 0 0 1 0 1 1 1 1 0 1 0 0 1 0 1 1 1 1 0 0 0 1 0 0 1 1 1 1 0 1 1 1 1 0 0 1 1 1 1 1 0 1 0 0 0 1 0 0 1 0 0 0 1 0 1 1 0 0 0 0 1 0 0 1 0 0 0 1 1 1 1 0 0 0 0 0 1 0 1 1 0 1 0 1 1 0 0 0 1 1 0 0 1 1 0 1 1 0 0 1 0 0 1 1 1 0 0 1 0 0 0 0 1 1 0 0 1 0 1 1 0 0 0 1 0 1 1 1 1 0 0 0 0 0 0 0 0 1 0 1 1 0 0 1 1 1 0 0 1 1 0 1 1 1 1 1 1 1 0 1 1 0 1 1 0 0 0 0 1 1 1 0 1 0 0 0 1 0 0 1 0 0 0 1 0 0 1 0 1 1 1 0 1 1 0 0 1 0 0 0 0 1 1 0 0 0 0 1 1 1 0 0 0 0 1 0 1 1 0 1 0 1 0 1 0 1 0 1 1 0 1 1 0 0 1 0 0 0 0 0 0 1 1 1 0 0 0 0 0 0 0 1 0 1 1 1 1 1 0 0 0 1 0 1 1 1 1 1 1 0 1 0 1 0 0 0 1 1 0 0 1 0 0 1 1 1 1 1 0 1 0 1 1 0 0 1 1 0 1 1 1 0 0 1 1 1 0 0 0 1 0 0 1 1 0 0 1 0 1 1 0 0 0 0 1 0 1 1 0 1 1 1 1 0 0 1 1 1 1 1 1 1 0 0 0 0 0 0 1 1 0 1 0 0 1 0]
Correct: 543/705 | Wrong: 162/705 | Acc: 77.02%

Test results:
gold:	[0 1 0 0 0 1 0 0 0 1 1 1 1 1 1 0 0 1 0 0 0 1 0 1 1 1 1 1 1 0 0 0 1 0 0 0 1 0 1 1 1 0 1 1 0 0 1 0 0 1 1 0 0 0 0 0 1 1 1 0 0 0 1 1 1 1 1 0 0 1 1 0 0 0 1 1 0 0 1 1 0 0 0 1 0 1 0 0 0 0 0 0 1 1 1 1 0 0 1 1 0 1 1 1 1 1 1 0 1 1 1 1 1 0 1 1 0 1 1 1 1 0 0 0]
hat:	[1 1 1 1 1 1 0 0 0 1 1 1 1 1 1 0 0 0 0 1 0 0 1 1 0 0 0 1 0 0 0 0 0 1 1 0 1 0 1 0 0 0 1 0 0 0 0 0 0 1 1 0 0 1 0 1 1 1 0 0 1 0 1 1 0 0 0 1 1 1 1 0 1 0 1 0 0 0 1 0 1 0 1 1 0 0 0 0 1 0 1 0 1 1 1 1 1 0 0 1 0 1 1 1 1 0 0 0 1 1 0 1 1 0 1 1 1 1 1 1 1 0 0 1]
Correct: 81/124 | Wrong: 43/124 | Acc: 65.32%

Most positive effective: {140: 39.30292650919337, 177: 32.538227672052976, 179: 17.6283104550701, 92: 17.25390395654336, 39: 16.842434870477653, 151: 14.12457013765869, 173: 13.425113041187064, 160: 11.778607519800047, 37: 11.2833065989995, 91: 11.03383010055749}
Most negative effective: {48: -29.336153287093, 79: -20.70682403536931, 165: -19.900099249455856, 51: -16.786830244928957, 186: -10.289364261449466, 22: -10.204999860828542, 43: -9.664894807042831, 133: -9.231848003822863, 71: -9.213255374440553, 55: -9.137620165502897}

Start time: 10/11/2019_17:29:18
End time: 10/11/2019_17:37:07