INPUT_LABEL_YML: /home/daniel/deepsy/SBS_Analize/Trans2Label/ProcessLabels/trans_ors_02/trans_ors.yml
LABEL: ors_sum
INPUT_DIST_FILE: /home/daniel/deepsy/TM/Dirs_of_Docs/c_sessions/results/inferencer_200-c_1turns_words_mini_small.txt
TRAIN_TEST_RATIO: 0.8

Train results:
gold:	[1 0 1 0 1 0 1 0 1 0 1 1 1 1 0 0 1 1 1 1 0 0 1 0 1 0 0 1 1 0 0 0 1 1 0 0 1 0 1 0 1 1 1 1 0 0 1 1 0 0 1 1 0 0 1 0 0 0 0 0 0 0 0 1 0 0 0 1 0 1 1 0 1 1 0 1 0 1 1 1 0 0 1 0 0 1 1 1 0 1 1 1 0 0 0 0 0 1 1 1 0 0 1 0 0 1 0 1 0 1 1 0 0 0 0 0 0 1 0 0 1 0 1 1 1 0 1 0 0 1 0 1 0 1 0 1 1 1 0 0 1 0 1 0 0 1 0 1 0 0 0 0 0 1 0 1 1 0 0 0 0 0 0 1 0 1 0 0 0 0 1 0 1 1 0 0 1 1 1 0 1 0 0 0 1 1 0 0 0 1 1 0 1 0 0 0 0 0 1 0 0 0 0 1 1 1 0 1 0 0 0 1 0 1 0 0 1 0 1 0 1 0 1 1 0 0 0 1 1 0 0 0 0 0 1 0 0 1 0 1 0 1 0 1 1 0 1 1 1 0 0 1 0 0 1 0 1 0 1 0 1 1 0 0 0 1 1 1 1 1 0 1 1 0 1 0 0 0 1 1 0 0 0 1 1 0 1 1 1 1 1 0 0 0 0 1 1 1 0 0 0 1 1 0 0 1 0 1 0 0 0 1 0 1 1 1 0 1 1 1 1 1 1 0 1 0 0 1 0 0 1 1 1 1 1 1 1 1 1 0 0 0 0 1 0 0 0 0 0 0 1 0 1 0 0 0 0 1 1 1 1 1 0 0 0 0 1 0 1 1 1 1 0 1 1 1 0 1 0 1 1 1 0 1 1 0 1 0 1 0 0 1 0 1 1 1 1 0 0 0 0 0 0 0 0 1 1 0 0 0 0 0 0 0 0 0 1 0 1 0 0 0 1 0 1 1 0 1 0 1 0 0 1 0 0 1 1]
hat:	[1 0 1 0 1 1 1 0 1 0 1 0 1 1 1 0 1 1 1 1 0 0 1 0 1 0 0 1 1 0 0 0 1 1 0 1 1 0 1 1 1 1 1 1 0 0 1 1 0 0 1 1 0 0 1 1 0 0 0 0 0 0 0 1 0 0 0 1 0 1 1 1 0 1 0 1 0 0 1 1 0 0 0 1 0 1 1 1 1 1 1 0 0 0 0 0 0 0 1 0 0 0 1 1 0 0 0 1 0 1 1 0 0 0 0 1 0 1 0 0 1 0 0 1 1 0 1 0 1 1 0 1 0 1 1 1 1 0 0 0 1 0 1 0 1 0 0 1 0 0 0 0 0 1 0 0 1 0 0 0 0 0 1 1 0 1 1 0 1 0 1 0 1 1 0 0 1 1 1 0 1 0 0 0 1 0 0 0 0 1 1 0 0 0 0 0 0 0 1 0 1 0 0 1 1 1 0 0 0 0 0 1 1 1 0 1 1 0 1 0 1 0 1 1 0 0 0 1 1 0 0 1 0 0 1 0 0 1 0 1 0 1 0 0 1 0 1 1 1 0 0 1 0 0 1 1 1 1 1 0 1 1 0 0 0 1 1 1 1 1 0 1 1 0 1 0 0 0 1 1 0 0 0 1 1 0 1 1 1 1 1 0 0 0 0 1 1 1 0 0 1 0 1 0 0 1 0 1 0 0 0 0 0 0 1 1 0 1 1 0 1 1 1 0 1 0 0 1 0 0 1 1 0 1 1 0 1 1 0 0 0 0 0 1 0 1 0 0 0 0 1 1 0 0 0 0 1 1 1 0 1 1 0 0 0 0 1 1 1 1 1 1 0 1 1 1 1 1 0 1 1 0 0 1 1 0 0 0 1 1 0 0 0 1 1 1 1 0 0 0 0 0 0 0 0 0 1 0 0 0 0 0 0 0 0 1 1 0 0 0 1 0 1 0 1 1 0 1 0 1 0 1 0 0 0 0 1]
Correct: 373/437 | Wrong: 64/437 | Acc: 85.35%

Test results:
gold:	[0 1 0 1 1 0 1 1 1 1 1 1 1 1 0 1 1 1 1 1 0 0 0 1 0 0 0 0 0 0 1 1 1 1 1 0 0 0 1 1 1 0 1 0 0 0 1 1 1 1 1 1 0 0 1 1 0 0 1 0 0 1 1 0 0 1 1 0 1 1 0 1 0 0 1 0 1 1 0 0 1 1 0 1 1 1 1 1 0 1 1 1 1 0 0 1 0 0 1 1 1 1 1 1 0 1 1 1 0]
hat:	[1 1 1 1 0 0 0 1 0 0 1 1 1 1 0 0 1 1 1 1 0 0 0 1 0 0 0 1 1 1 0 1 1 1 1 0 0 0 0 1 1 0 1 0 0 0 1 1 1 1 1 0 0 1 0 1 0 0 1 1 0 0 1 0 0 1 1 0 1 1 0 0 0 0 0 0 0 1 0 1 1 1 0 1 1 1 1 1 1 0 1 1 1 1 0 1 0 0 0 0 1 1 1 1 1 1 1 1 1]
Correct: 81/109 | Wrong: 28/109 | Acc: 74.31%

Most positive effective: {81: 37.114536472728155, 199: 26.487857466605583, 168: 16.734608982648503, 74: 14.21859958212127, 34: 13.112131053037217, 166: 12.950102832573567, 107: 12.478509153682326, 193: 12.08267376159724, 35: 11.774752997886916, 48: 11.751582935899894}
Most negative effective: {72: -44.23547503435334, 171: -30.795780799556265, 152: -25.61561880268554, 133: -22.968396269300833, 13: -21.917792703667175, 12: -19.401023003355913, 26: -17.44897589318253, 197: -16.027603636517735, 113: -15.78873895711966, 118: -14.491729059659315}

Start time: 10/11/2019_14:10:27
End time: 10/11/2019_14:17:26