INPUT_LABEL_YML: /home/daniel/deepsy/SBS_Analize/Trans2Label/ProcessLabels/trans_poms_08/trans_poms.yml
LABEL: c_a_poms_positive
INPUT_DIST_FILE: /home/daniel/deepsy/TM/Dirs_of_Docs/c_sessions/results/inferencer_200-c_1turns_words_mini_small.txt
TRAIN_TEST_RATIO: 0.8

Train results:
gold:	[0 1 1 0 1 1 0 1 1 1 0 1 1 0 1 0 0 1 0 1 1 0 0 0 1 0 1 1 1 0 1 0 0 1 0 0 1 0 0 1 1 0 1 0 0 1 0 1 1 0 1 1 1 0 1 1 0 1 0 1 0 1 1 1 1 1 0 0 0 0 0 0 1 1 0 0 1 0 1 0 1 0 0 1 1 0 1 0 0 0 0 1 1 0 1 0 0 1 0 1 1 1 0 0 1 1 0 0 1 0 1 1 0 1 1 0 1 0 1 1 1 1 0 0 1 1 0 1 1 1 0 1 1 1 0 1 1 0 0 0 0 1 0 0 1 0 0 1 1 0 1 1 1 1 1 1 1 1 0 0 0 1 1 1 0 1 1 1 1 1 0 0 1 1 1 0 1 1 1 0 1 1 0 0 0 0 1 1 1 1 1 1 0 0 1 0 1 1 0 0 1 1 0 1 1 0 1 1 0 1 0 0 1 0 0 1 1 1 0 0 0 1 1 1 1 0 1 1 0 1 1 0 0 0 0 0 0 0 1 0 1 1 0 0 1 0 0 0 0 1 0 0 0 0 0 1 0 1 0 0 1 1 1 1 1 1 1 0 1 0 1 0 1 0 0 1 1 0 1 1 1 1 0 1 1 1 1 1 0 0 1 1 0 0 0 0 0 1 0 0 1 1 1 0 1 1 1 1 0 1 1 1 1 1 0 1 1 0 1 1 1 1 1 1 1 1 1 0 1 1 1 0 0 0 0 0 1 0 1 1 0 1 0 0 0 1 1 1 0 1 0 0 0 0 1 1 1 1 1 0 0 0 1 1 0 0 0 1 0 0 1 0 0 1 0 1 1 1 0 0 1 1 1 1 1 0 1 1 0 0 1 1 1 0 0 0 1 0 1 1 1 1 0 0 1 1 1 1 1 0 0 0 0 1 1 1 1 0 1 1 0 1 1 1 1 1 0 1 0 1 1 0 1 1 1 0 0 1 1 0 1 0 0 1 1 0 1 0 0 0 0 0 1 0 1 0 0 1 1 1 0 0 1 1 1 1 1 0 0 1 0 1 0 1 1 0 0 0 1 0 1 0 0 1 0 0 0 1 1 0 0 1 1 0 0 1 1 1 0 1 1 1 0 0 1 0 1 0 1 1 0 1 1 1 0 0 1 1 0 0 1 1 0 1 1 0 0 0 1 1 1 1 1 1 1 0 1 1 0 1 1 1 1 0 1 0 0 0 0 0 0 0 1 1 1 1 1 1 0 0 1 1 1 1 1 1 0 1 0 0 0 1 1 0 1 1 0 1 0 0 0 1 0 1 1 1 1 1 1 0 0 1 1 1 0 1 1 1 0 1 0 0 0 0 1 1 0 0 1 0 1 1 1 0 1 0 1 0 1 0 1 0 1 1 0 1 0 1 0 1 0 0 1 1 0 1 0 1 1 0 0 0 0 1 1 0 0 1 0 1 1 1 1 0 1 1 1]
hat:	[0 0 1 0 1 1 0 1 1 0 0 0 1 0 1 0 0 1 0 1 1 0 0 0 1 1 1 1 1 1 1 1 0 1 1 0 1 1 1 1 1 1 1 0 0 1 0 1 1 0 1 0 1 1 0 1 0 1 0 1 1 0 1 1 1 1 0 1 1 0 0 0 1 0 1 0 1 0 1 0 1 0 0 0 1 0 1 0 1 1 0 1 1 0 1 0 0 1 0 1 1 1 0 0 1 1 0 0 1 0 0 0 0 1 1 0 1 1 1 1 1 0 0 1 1 0 0 1 0 0 0 1 1 1 0 1 1 0 0 0 0 1 1 1 1 0 0 1 1 0 1 1 1 1 1 1 0 1 0 0 0 1 1 1 0 1 1 1 1 1 0 1 0 1 1 0 1 1 1 1 0 1 1 1 0 1 0 1 1 1 1 1 0 0 1 0 1 0 0 0 1 1 1 1 1 0 1 1 1 1 1 0 1 0 0 1 0 1 0 0 0 1 1 1 1 0 1 0 0 1 1 1 0 0 0 1 0 1 1 0 1 1 1 0 1 0 0 0 1 1 1 0 0 0 0 1 1 1 0 0 1 1 1 1 1 1 1 0 1 0 1 0 1 0 0 1 1 0 1 1 1 1 0 1 1 1 1 0 1 0 1 1 1 1 0 0 0 1 1 0 1 1 1 1 1 1 1 1 0 0 1 1 1 1 1 1 1 1 1 0 1 0 1 1 0 1 1 0 1 1 1 0 0 0 0 0 1 0 1 1 0 0 1 0 0 1 1 1 1 1 1 0 0 1 1 1 0 1 1 0 0 1 1 0 1 1 0 1 1 1 1 0 0 1 1 1 1 1 0 0 1 1 1 1 0 0 1 1 0 0 1 1 1 0 0 1 1 1 1 1 1 0 0 0 1 0 1 1 1 1 0 0 0 1 1 1 1 0 1 1 0 1 1 1 1 1 1 0 0 1 1 0 0 1 1 0 0 1 1 0 1 0 0 1 1 0 1 0 0 0 1 1 1 0 1 1 0 1 1 1 0 0 1 1 1 1 1 0 0 1 0 1 0 1 1 0 0 0 0 1 1 0 0 1 0 0 0 1 0 0 1 1 1 0 0 1 1 1 0 0 1 1 1 1 1 0 1 0 1 1 0 1 1 1 1 0 1 0 0 0 1 0 0 1 1 0 1 1 1 0 0 1 1 1 1 0 1 1 0 1 1 1 1 0 0 1 1 1 0 0 0 0 1 0 1 1 1 1 0 1 1 1 1 1 1 1 0 1 0 0 0 1 1 1 1 1 0 1 0 0 0 1 1 1 1 1 1 1 0 1 0 1 1 1 0 1 1 1 0 1 0 0 0 0 0 1 0 0 1 0 1 1 1 0 1 0 1 1 1 0 1 0 1 1 1 1 0 0 1 0 0 0 1 1 1 1 1 1 1 0 0 1 0 1 1 1 1 1 1 1 1 1 0 0 1 0 1]
Correct: 528/657 | Wrong: 129/657 | Acc: 80.37%

Test results:
gold:	[1 1 1 1 0 0 0 1 1 0 1 1 1 0 1 0 1 1 0 0 1 0 0 1 0 1 0 0 1 0 0 1 0 0 0 0 0 1 0 1 0 1 0 0 1 0 1 1 0 1 0 1 0 0 0 1 1 1 0 1 1 1 0 0 0 0 0 0 0 0 0 0 1 1 0 1 1 0 0 0 1 1 0 0 0 1 1 1 1 1 0 1 1 1 1 0 1 1 0 1 1 0 0 1 1 1 1 0 0 1 1 0 0 1 1 0 0 1 1 0 1 1 1 0 0 1 1 1 1 1 1 0 1 0 0 0 1 0 0 0 1 0 1 1 0 0 1 0 0 0 1 0 0 0 0 0 1 0 1 0 1 0 1 0]
hat:	[0 1 1 1 1 0 1 1 1 0 0 0 0 1 0 0 1 1 0 0 1 1 1 1 1 1 1 0 1 0 0 1 0 0 0 1 1 1 0 1 0 1 0 0 1 0 1 1 0 0 0 1 1 0 0 1 0 0 1 1 1 1 1 0 0 1 0 0 0 1 0 0 1 1 0 1 1 1 1 0 1 1 0 0 0 1 1 0 1 1 1 1 1 1 0 1 0 0 0 0 1 1 0 0 1 1 1 0 0 1 1 1 1 1 1 0 0 1 1 0 1 1 1 0 1 1 1 1 0 1 1 1 1 0 0 0 1 1 0 0 1 1 1 1 0 0 1 1 0 0 0 0 0 0 0 0 0 1 0 0 1 1 1 0]
Correct: 118/164 | Wrong: 46/164 | Acc: 71.95%

Most positive effective: {22: 25.463655480173742, 188: 21.08788742505207, 135: 20.371845547171205, 81: 15.830531955089702, 59: 15.475144654581673, 199: 13.588217371783427, 110: 13.239571199456998, 63: 12.839236365133706, 51: 11.656291097513925, 187: 10.41322515707682}
Most negative effective: {139: -22.765849280683334, 137: -21.374730167556347, 9: -20.963089216046995, 15: -13.83579970414605, 152: -13.325754375152142, 124: -10.660888813582243, 13: -10.187379578740037, 113: -10.137955204361536, 159: -9.98934121943275, 128: -9.888877026539134}

Start time: 10/11/2019_14:59:07
End time: 10/11/2019_15:06:55