INPUT_LABEL_YML: /home/daniel/deepsy/SBS_Analize/Trans2Label/ProcessLabels/trans_poms_10/trans_poms.yml
LABEL: c_a_poms_negative
INPUT_DIST_FILE: /home/daniel/deepsy/TM/Dirs_of_Docs/c_sessions/results/inferencer_200-c_1turns_words_mini_small.txt
TRAIN_TEST_RATIO: 0.85

Train results:
gold:	[1 1 0 0 1 0 1 1 1 0 0 1 0 1 1 0 0 1 0 1 0 1 0 1 0 1 0 0 0 1 0 0 1 0 1 0 0 1 0 1 0 0 1 1 1 1 1 1 0 0 0 0 0 1 1 1 0 1 1 1 0 1 1 0 0 1 0 0 0 0 1 1 0 1 0 0 1 0 0 1 1 1 0 1 1 1 1 0 1 1 0 1 1 1 0 0 0 1 1 0 1 1 0 0 0 1 1 1 0 1 0 1 1 1 0 1 0 0 0 0 0 0 0 0 1 1 0 0 1 0 1 1 0 1 1 1 1 1 0 1 0 1 0 1 0 0 0 0 1 0 0 1 1 0 0 0 1 1 0 0 1 1 0 1 0 1 0 1 1 0 0 0 1 0 1 1 1 1 0 0 1 1 1 0 0 1 1 1 1 0 0 1 0 1 0 1 1 0 0 1 1 1 1 0 1 1 0 0 0 1 0 1 0 0 1 1 1 0 1 1 1 1 1 0 1 1 0 0 1 0 1 1 0 1 1 0 1 0 1 0 0 0 0 0 0 0 1 0 0 0 0 1 1 1 1 0 1 0 0 1 1 1 0 0 0 1 0 1 0 1 1 0 1 1 1 0 0 1 1 1 0 1 0 1 0 1 0 0 0 0 0 1 0 1 1 1 1 1 0 1 0 0 1 1 1 0 1 0 0 0 0 1 1 0 0 0 1 0 0 0 1 1 0 1 1 1 1 1 0 1 0 0 1 1 1 0 1 0 0 0 1 1 1 1 1 1 0 0 1 1 0 0 0 1 0 0 1 1 1 1 1 1 0 0 1 0 1 1 1 1 0 1 0 1 0 1 0 1 0 0 0 0 0 0 1 0 1 0 1 0 0 0 0 0 1 0 1 0 0 1 1 0 0 1 0 1 1 1 1 0 0 1 1 1 0 1]
hat:	[1 1 0 0 1 0 1 1 1 0 0 1 1 1 0 0 1 1 0 1 0 1 0 1 0 1 0 0 0 1 0 0 1 0 0 0 0 1 0 1 0 0 1 1 1 1 1 1 0 0 0 0 0 0 1 0 0 0 1 1 0 0 1 0 0 1 0 0 0 0 1 1 0 1 0 1 0 0 0 1 1 1 0 0 1 1 1 0 1 1 0 1 0 1 0 0 1 1 1 0 1 1 0 0 0 0 1 1 0 1 1 1 1 0 0 1 0 0 0 0 0 0 0 0 1 1 0 1 1 0 1 1 0 1 1 1 1 1 0 1 1 1 0 1 0 0 1 1 1 0 0 1 1 0 1 0 0 1 0 0 1 0 0 1 0 1 0 1 1 0 0 0 1 0 1 1 1 1 0 0 1 1 1 0 0 1 1 1 1 0 1 1 0 1 0 1 0 0 0 1 1 1 1 0 1 1 0 0 0 1 0 0 0 0 0 0 1 0 1 1 1 1 0 0 1 0 1 0 1 0 1 0 0 1 1 1 1 0 1 0 0 1 0 0 0 0 1 0 0 0 0 1 1 1 1 0 1 1 0 1 1 1 0 1 0 1 0 1 0 0 1 0 0 1 1 1 0 1 1 1 1 1 0 1 0 1 0 0 0 0 0 1 0 1 1 1 1 1 0 1 0 0 1 1 1 0 1 0 0 0 0 0 1 0 0 0 1 0 0 0 1 1 0 1 1 0 1 1 1 1 1 0 1 1 1 0 1 0 0 0 1 1 1 1 1 1 0 1 1 1 0 0 0 0 0 0 1 1 1 1 0 1 0 1 1 0 1 1 1 1 1 0 0 1 1 1 0 1 1 0 0 0 0 0 0 0 1 0 1 1 0 0 0 0 1 1 1 0 0 0 0 0 0 1 0 1 0 1 1 0 0 1 1 1 0 1]
Correct: 358/416 | Wrong: 58/416 | Acc: 86.06%

Test results:
gold:	[0 1 1 0 0 1 1 0 1 1 0 1 0 1 0 1 1 1 0 0 1 0 1 0 0 1 0 1 0 1 0 0 1 0 0 0 0 0 1 0 1 0 0 1 0 0 1 0 0 0 1 0 0 0 0 1 1 0 1 0 1 1 0 0 0 0 1 1 1 1 0 0 0]
hat:	[1 1 1 0 0 1 1 0 1 1 0 1 0 1 0 1 0 0 0 0 1 1 0 0 1 0 0 1 1 1 0 0 1 0 0 0 0 0 0 0 1 1 0 1 1 0 1 0 1 1 0 0 1 1 1 1 1 0 1 0 1 1 0 0 0 0 1 0 1 0 1 0 1]
Correct: 52/73 | Wrong: 21/73 | Acc: 71.23%

Most positive effective: {27: 25.589110358444653, 152: 21.88376416298109, 44: 20.516273141818672, 35: 13.1617048808412, 71: 12.501815703911737, 101: 12.185345847514965, 180: 11.043525023135837, 173: 10.129007881719145, 145: 9.797717966836423, 78: 9.742398879656832}
Most negative effective: {153: -30.687035867364074, 22: -29.361550862786657, 48: -23.73580285612577, 130: -23.369811621217206, 41: -19.995739718775585, 185: -15.69048178235055, 186: -15.58830501577638, 4: -14.30122967127786, 49: -13.281524114740593, 96: -12.718525041984517}

Start time: 10/11/2019_19:09:02
End time: 10/11/2019_19:14:36